14
Ppan____XP_003824782.1_zinc_finger_protein_648__Pan_paniscus_                                             0.0000000 0.2867959 0.4032306 0.0710997 0.4254033 0.2904844 0.2874747 0.1099157 0.4005715 0.4967834 0.3096289 0.3096289 0.0333592 0.0125158 
Ecab____XP_023496009.1_zinc_finger_protein_648_isoform_X1__Equus_caballus_                                0.2867959 0.0000000 0.2796920 0.3321199 0.2978374 0.0017653 0.2443974 0.3497366 0.2779102 0.5549182 0.2486763 0.2486763 0.3164497 0.3019106 
Oorc____XP_004269877.1_PREDICTED__zinc_finger_protein_648__Orcinus_orca_                                  0.4032306 0.2796920 0.0000000 0.4245983 0.0381201 0.2834372 0.3378618 0.4651071 0.0128657 0.6255938 0.3230671 0.3230671 0.4327991 0.4198520 
Mleu____XP_011858019.1_PREDICTED__zinc_finger_protein_648__Mandrillus_leucophaeus_                        0.0710997 0.3321199 0.4245983 0.0000000 0.4473663 0.3361441 0.3416848 0.1507372 0.4218036 0.5317918 0.3666308 0.3666308 0.0823868 0.0736230 
Lvex____XP_007448568.1_PREDICTED__zinc_finger_protein_648__Lipotes_vexillifer_                            0.4254033 0.2978374 0.0381201 0.4473663 0.0000000 0.3016610 0.3491616 0.4764655 0.0359161 0.6449034 0.3405721 0.3405721 0.4567151 0.4425829 
Ecab____NP_001243856.1_zinc_finger_protein_648__Equus_caballus_                                           0.2904844 0.0017653 0.2834372 0.3361441 0.3016610 0.0000000 0.2477370 0.3538839 0.2816288 0.5606601 0.2521322 0.2521322 0.3203240 0.3057040 
Cfam____ENSCAFG00000024596.1_ENSCAFT00000037938.1_ZNF648                                                  0.2874747 0.2443974 0.3378618 0.3416848 0.3491616 0.2477370 0.0000000 0.3391253 0.3357263 0.6325168 0.1613716 0.1613716 0.3076180 0.3055189 
Ccap____XP_017379964.1_PREDICTED__LOW_QUALITY_PROTEIN__zinc_finger_protein_648__Cebus_capucinus_imitator_ 0.1099157 0.3497366 0.4651071 0.1507372 0.4764655 0.3538839 0.3391253 0.0000000 0.4620147 0.5302994 0.3806397 0.3806397 0.1149228 0.1094908 
Lobl____XP_026938890.1_zinc_finger_protein_648__Lagenorhynchus_obliquidens_                               0.4005715 0.2779102 0.0128657 0.4218036 0.0359161 0.2816288 0.3357263 0.4620147 0.0000000 0.6195665 0.3209863 0.3209863 0.4299540 0.4170700 
Mmus____ENSMUSG00000066797.6_ENSMUST00000086195.6_Zfp648                                                  0.4967834 0.5549182 0.6255938 0.5317918 0.6449034 0.5606601 0.6325168 0.5302994 0.6195665 0.0000000 0.6020080 0.6020080 0.5091012 0.4963539 
Fcat____XP_019677322.1_zinc_finger_protein_648__Felis_catus_                                              0.3096289 0.2486763 0.3230671 0.3666308 0.3405721 0.2521322 0.1613716 0.3806397 0.3209863 0.6020080 0.0000000 0.0000010 0.3461244 0.3224616 
Fcat____XP_023103612.1_zinc_finger_protein_648__Felis_catus_                                              0.3096289 0.2486763 0.3230671 0.3666308 0.3405721 0.2521322 0.1613716 0.3806397 0.3209863 0.6020080 0.0000010 0.0000000 0.3461244 0.3224616 
Nleu____XP_003264475.1_PREDICTED__zinc_finger_protein_648__Nomascus_leucogenys_                           0.0333592 0.3164497 0.4327991 0.0823868 0.4567151 0.3203240 0.3076180 0.1149228 0.4299540 0.5091012 0.3461244 0.3461244 0.0000000 0.0393298 
Hsap_____ENSG00000179930_ENST00000339948_ZNF648                                                           0.0125158 0.3019106 0.4198520 0.0736230 0.4425829 0.3057040 0.3055189 0.1094908 0.4170700 0.4963539 0.3224616 0.3224616 0.0393298 0.0000000 
