27
Tcar____XP_026511388.1_zinc_finger_protein_648__Terrapene_mexicana_triunguis_                                               0.0000000 0.8817026 0.9323116 8.1833647 0.9218124 0.8193469 0.8650003 8.9999986 7.2095220 0.2333113 0.2413400 3.5867834 0.8296401 0.2351082 0.8454684 0.8736579 0.8811891 0.8539366 0.8650003 8.9999986 4.1062069 0.9394640 0.0134164 0.8599715 8.2039942 0.8057322 8.2264819 
Cfam____ENSCAFG00000024596.1_ENSCAFT00000037938.1_ZNF648                                                                    0.8817026 0.0000000 0.2925973 7.1168816 0.2937200 0.2727857 0.1506281 8.5610125 5.8439459 0.8652259 0.8581665 2.5575025 0.2749580 0.8754041 0.2978011 0.2994392 0.5068389 0.2206681 0.1506281 8.5610125 3.9649456 0.3029986 1.0128458 0.2234442 6.5402110 0.2581569 6.6403583 
Lobl____XP_026938890.1_zinc_finger_protein_648__Lagenorhynchus_obliquidens_                                                 0.9323116 0.2925973 0.0000000 6.9545809 0.0128247 0.3481257 0.2786892 8.5973373 5.7580970 0.9291553 0.9232993 2.5022965 0.3593446 0.9650522 0.3797001 0.3522794 0.4879543 0.2434960 0.2786892 8.5973373 3.7627037 0.0354369 1.0752862 0.2464623 6.2821487 0.3362729 6.3890961 
Lvex____XP_007456640.1_PREDICTED__sorting_nexin-19__Lipotes_vexillifer_                                                     8.1833647 7.1168816 6.9545809 0.0000000 7.1317345 7.3286528 6.8314461 3.5514261 2.4907076 7.2649770 7.2633505 5.6007390 7.2319488 8.1465770 7.6994013 7.1819629 6.6861860 6.9525891 6.8314461 3.5514261 8.5795389 6.9830750 8.8563891 6.9684745 0.2015049 7.2364190 0.2442307 
Oorc____XP_004269877.1_PREDICTED__zinc_finger_protein_648__Orcinus_orca_                                                    0.9218124 0.2937200 0.0128247 7.1317345 0.0000000 0.3495034 0.2797717 8.5251925 5.8154152 0.9218931 0.9160462 2.5022965 0.3607630 0.9576737 0.3812219 0.3536688 0.4924864 0.2444293 0.2797717 8.5251925 3.6677332 0.0375142 1.0606606 0.2474081 6.2134155 0.3375973 6.3362541 
Hsap_____ENSG00000179930_ENST00000339948_ZNF648                                                                             0.8193469 0.2727857 0.3481257 7.3286528 0.3495034 0.0000000 0.2834750 8.9999986 5.7296955 0.8136322 0.8115778 2.5555548 0.0385692 0.8240507 0.1041397 0.0705460 0.4164869 0.2639542 0.2834750 8.9999986 4.0400739 0.3654200 0.9270285 0.2669703 6.5598485 0.0124743 6.6652326 
Fcat____XP_023103612.1_zinc_finger_protein_648__Felis_catus_                                                                0.8650003 0.1506281 0.2786892 6.8314461 0.2797717 0.2834750 0.0000000 8.6677979 5.9662280 0.8781658 0.8674437 2.6526003 0.3022155 0.8815648 0.3279754 0.3161735 0.4865193 0.2217444 0.0000010 8.6677979 4.0432074 0.2940296 0.9891898 0.2245635 6.0646739 0.2732905 6.1746424 
Ggan____XP_019371671.1_PREDICTED__ral_GTPase-activating_protein_subunit_alpha-2_isoform_X2__Gavialis_gangeticus_            8.9999986 8.5610125 8.5973373 3.5514261 8.5251925 8.9999986 8.6677979 0.0000000 3.4558266 8.9931542 8.9547298 6.0414693 8.9999986 8.9999988 8.8691405 8.9999982 8.8805320 8.9999988 8.6677979 0.0005313 7.5270172 8.4742369 8.9999989 8.9999988 3.1313940 8.9999986 3.1795893 
Stor____Scyto0011088_Scyto0011088.t1_NA                                                                                     7.2095220 5.8439459 5.7580970 2.4907076 5.8154152 5.7296955 5.9662280 3.4558266 0.0000000 6.2722212 6.3353125 3.9587369 5.4933556 6.9721171 6.2804263 5.6385951 5.6927306 5.8512664 5.9662280 3.4558266 8.3978710 5.5470367 7.4383251 5.8706558 2.3926443 5.7562517 2.3931737 
Ggan____XP_019357307.1_PREDICTED__zinc_finger_protein_648-like_isoform_X1__Gavialis_gangeticus_                             0.2333113 0.8652259 0.9291553 7.2649770 0.9218931 0.8136322 0.8781658 8.9931542 6.2722212 0.0000000 0.0209672 3.6494209 0.8090045 0.0389051 0.8308641 0.8499160 0.8748061 0.8439871 0.8781658 8.9931542 4.0606669 0.9284810 0.2622455 0.8500655 6.9646981 0.7949879 7.0115217 
Cpor____XP_019386498.1_PREDICTED__zinc_finger_protein_648_isoform_X1__Crocodylus_porosus_                                   0.2413400 0.8581665 0.9232993 7.2633505 0.9160462 0.8115778 0.8674437 8.9547298 6.3353125 0.0209672 0.0000000 3.6410342 0.8067721 0.0388691 0.8307219 0.8418271 0.8655142 0.8379456 0.8674437 8.9547298 4.1373889 0.9226554 0.2714650 0.8440011 6.9613465 0.7929409 7.0082341 
Spur____XP_011676276.1_PREDICTED__uncharacterized_protein_LOC105444130__Strongylocentrotus_purpuratus_                      3.5867834 2.5575025 2.5022965 5.6007390 2.5022965 2.5555548 2.6526003 6.0414693 3.9587369 3.6494209 3.6410342 0.0000000 2.4069958 3.7256291 2.4539773 2.4154795 2.9312193 2.4405120 2.6526003 6.0414693 3.8582113 2.6896531 3.5378200 2.4405120 5.7819788 2.4313515 6.0515671 
Nleu____XP_003264475.1_PREDICTED__zinc_finger_protein_648__Nomascus_leucogenys_                                             0.8296401 0.2749580 0.3593446 7.2319488 0.3607630 0.0385692 0.3022155 8.9999986 5.4933556 0.8090045 0.8067721 2.4069958 0.0000000 0.8195269 0.1088928 0.0787780 0.4284269 0.2760409 0.3022155 8.9999986 3.9884264 0.3781005 0.9398810 0.2791077 6.7259675 0.0328332 6.8295922 
Amis____XP_019355726.1_PREDICTED__zinc_finger_protein_648__Alligator_mississippiensis_                                      0.2351082 0.8754041 0.9650522 8.1465770 0.9576737 0.8240507 0.8815648 8.9999988 6.9721171 0.0389051 0.0388691 3.7256291 0.8195269 0.0000000 0.8453753 0.8587625 0.9066455 0.8628531 0.8815648 8.9999988 4.1344566 0.9641835 0.2753326 0.8690263 8.3190073 0.8052515 8.3275128 
Ccap____XP_017379964.1_PREDICTED__LOW_QUALITY_PROTEIN__zinc_finger_protein_648__Cebus_capucinus_imitator_                   0.8454684 0.2978011 0.3797001 7.6994013 0.3812219 0.1041397 0.3279754 8.8691405 6.2804263 0.8308641 0.8307219 2.4539773 0.1088928 0.8453753 0.0000000 0.1400992 0.4417316 0.3005550 0.3279754 8.8691405 3.9689939 0.3887150 0.9574317 0.3037686 6.7803827 0.1043356 6.8856007 
Mleu____XP_011858019.1_PREDICTED__zinc_finger_protein_648__Mandrillus_leucophaeus_                                          0.8736579 0.2994392 0.3522794 7.1819629 0.3536688 0.0705460 0.3161735 8.9999982 5.6385951 0.8499160 0.8418271 2.4154795 0.0787780 0.8587625 0.1400992 0.0000000 0.4403076 0.2859026 0.3161735 8.9999982 3.8674108 0.3703366 0.9942687 0.2890345 6.5446227 0.0683324 6.6679320 
Mmus____ENSMUSG00000066797.6_ENSMUST00000086195.6_Zfp648                                                                    0.8811891 0.5068389 0.4879543 6.6861860 0.4924864 0.4164869 0.4865193 8.8805320 5.6927306 0.8748061 0.8655142 2.9312193 0.4284269 0.9066455 0.4417316 0.4403076 0.0000000 0.4545578 0.4865193 8.8805320 4.3583448 0.5006466 0.9955053 0.4587340 6.3557730 0.4189349 6.3447158 
Ecab____XP_023496009.1_zinc_finger_protein_648_isoform_X1__Equus_caballus_                                                  0.8539366 0.2206681 0.2434960 6.9525891 0.2444293 0.2639542 0.2217444 8.9999988 5.8512664 0.8439871 0.8379456 2.4405120 0.2760409 0.8628531 0.3005550 0.2859026 0.4545578 0.0000000 0.2217444 8.9999988 3.7269817 0.2600378 0.9761420 0.0017731 6.2235055 0.2524050 6.3275246 
Fcat____XP_003999329.1_zinc_finger_protein_648__Felis_catus_                                                                0.8650003 0.1506281 0.2786892 6.8314461 0.2797717 0.2834750 0.0000010 8.6677979 5.9662280 0.8781658 0.8674437 2.6526003 0.3022155 0.8815648 0.3279754 0.3161735 0.4865193 0.2217444 0.0000000 8.6677979 4.0432074 0.2940296 0.9891898 0.2245635 6.0646739 0.2732905 6.1746424 
Ggan____XP_019371670.1_PREDICTED__ral_GTPase-activating_protein_subunit_alpha-2_isoform_X1__Gavialis_gangeticus_            8.9999986 8.5610125 8.5973373 3.5514261 8.5251925 8.9999986 8.6677979 0.0005313 3.4558266 8.9931542 8.9547298 6.0414693 8.9999986 8.9999988 8.8691405 8.9999982 8.8805320 8.9999988 8.6677979 0.0000000 7.5270172 8.4742369 8.9999989 8.9999988 3.1313940 8.9999986 3.1795893 
Nleu____XP_012352542.1_PREDICTED__LOW_QUALITY_PROTEIN__multidrug_resistance-associated_protein_6-like__Nomascus_leucogenys_ 4.1062069 3.9649456 3.7627037 8.5795389 3.6677332 4.0400739 4.0432074 7.5270172 8.3978710 4.0606669 4.1373889 3.8582113 3.9884264 4.1344566 3.9689939 3.8674108 4.3583448 3.7269817 4.0432074 7.5270172 0.0000000 3.7113815 4.1313280 3.7269817 8.6238085 3.9846390 8.9999986 
Lvex____XP_007448568.1_PREDICTED__zinc_finger_protein_648__Lipotes_vexillifer_                                              0.9394640 0.3029986 0.0354369 6.9830750 0.0375142 0.3654200 0.2940296 8.4742369 5.5470367 0.9284810 0.9226554 2.6896531 0.3781005 0.9641835 0.3887150 0.3703366 0.5006466 0.2600378 0.2940296 8.4742369 3.7113815 0.0000000 1.0893042 0.2630678 6.2400005 0.3539999 6.3665435 
Tcar____XP_026511524.1_zinc_finger_protein_271-like__Terrapene_mexicana_triunguis_                                          0.0134164 1.0128458 1.0752862 8.8563891 1.0606606 0.9270285 0.9891898 8.9999989 7.4383251 0.2622455 0.2714650 3.5378200 0.9398810 0.2753326 0.9574317 0.9942687 0.9955053 0.9761420 0.9891898 8.9999989 4.1313280 1.0893042 0.0000000 0.9761420 8.9905149 0.9105154 8.9999986 
Ecab____NP_001243856.1_zinc_finger_protein_648__Equus_caballus_                                                             0.8599715 0.2234442 0.2464623 6.9684745 0.2474081 0.2669703 0.2245635 8.9999988 5.8706558 0.8500655 0.8440011 2.4405120 0.2791077 0.8690263 0.3037686 0.2890345 0.4587340 0.0017731 0.2245635 8.9999988 3.7269817 0.2630678 0.9761420 0.0000000 6.2384187 0.2553583 6.3423620 
Ecab____XP_023500917.1_sorting_nexin-19_isoform_X4__Equus_caballus_                                                         8.2039942 6.5402110 6.2821487 0.2015049 6.2134155 6.5598485 6.0646739 3.1313940 2.3926443 6.9646981 6.9613465 5.7819788 6.7259675 8.3190073 6.7803827 6.5446227 6.3557730 6.2235055 6.0646739 3.1313940 8.6238085 6.2400005 8.9905149 6.2384187 0.0000000 6.4981966 0.0058311 
Ppan____XP_003824782.1_zinc_finger_protein_648__Pan_paniscus_                                                               0.8057322 0.2581569 0.3362729 7.2364190 0.3375973 0.0124743 0.2732905 8.9999986 5.7562517 0.7949879 0.7929409 2.4313515 0.0328332 0.8052515 0.1043356 0.0683324 0.4189349 0.2524050 0.2732905 8.9999986 3.9846390 0.3539999 0.9105154 0.2553583 6.4981966 0.0000000 6.6035680 
Ecab____XP_023500916.1_sorting_nexin-19_isoform_X3__Equus_caballus_                                                         8.2264819 6.6403583 6.3890961 0.2442307 6.3362541 6.6652326 6.1746424 3.1795893 2.3931737 7.0115217 7.0082341 6.0515671 6.8295922 8.3275128 6.8856007 6.6679320 6.3447158 6.3275246 6.1746424 3.1795893 8.9999986 6.3665435 8.9999986 6.3423620 0.0058311 6.6035680 0.0000000 
