100
Mus_musculus__zinc_finger_protein_648__Mus_musculus_                                                               0.0000000 0.0318113 0.1297507 0.0803657 0.1628118 0.2394311 0.2372383 0.2506272 0.2506272 0.2506272 0.2657983 0.2922645 0.2741246 0.2598415 0.2580677 0.5611369 0.5110954 0.5611369 0.5766086 0.5761087 0.5847347 0.5439835 0.5558264 0.5503946 0.5702527 0.5488728 0.5697771 0.5563055 0.5814366 0.5824581 0.5860217 0.5713687 0.5871297 0.5917296 0.5770695 0.6452424 0.5977919 0.6485036 0.6431631 0.6236779 0.6035475 0.6047408 0.6089835 0.6164776 0.6196248 0.6158393 0.6357105 0.6327419 0.6071854 0.6662520 0.6832631 0.6877297 0.6659135 0.6882350 0.6710099 0.6865240 0.6772064 0.6697035 0.5974080 0.6816406 0.6055818 0.6149818 0.6964347 0.6783157 0.6875529 0.6446705 0.7013671 0.6725002 0.7428553 0.6984213 0.7081322 0.7332068 0.7293377 0.7195604 0.7176545 0.6641490 0.6915513 0.6454150 0.6827658 0.6838563 0.6838563 0.7064036 0.7050517 0.7228475 0.6762156 0.7320633 0.6702215 0.7755103 0.7743422 0.7756723 0.7585298 0.7737738 0.8219602 0.7795647 0.5780986 0.7938365 0.7977623 0.8344310 0.8152840 0.8143497 
Mus_caroli__zinc_finger_protein_648__Mus_caroli_                                                                   0.0318113 0.0000000 0.1375389 0.0793394 0.1598036 0.2444035 0.2467152 0.4975823 0.4975823 0.3898043 0.2709410 0.3872214 0.2811298 0.4126254 0.2692244 0.8289838 0.5166863 0.5857182 0.6019139 0.6015242 0.6035611 0.5530253 0.5650163 0.5488533 0.6001281 0.5579498 0.5832790 0.5654427 0.6119269 0.6002489 0.6166808 0.5806589 0.6006874 0.6053194 0.6071005 0.6604514 0.6115261 0.6673532 0.6619185 0.6489259 0.6172726 0.6145026 0.6228052 0.6303857 0.6335706 0.6297637 0.6499405 0.6500973 0.6226090 0.6912384 0.7164917 0.7018945 0.6808702 0.7023717 0.6860092 0.7157002 0.6922396 0.6828902 0.6126356 0.7042959 0.6209031 0.6142278 0.7193721 0.6915928 0.7213712 0.6866191 0.7124548 0.6865295 0.7491651 0.7219134 0.7313952 0.7460095 0.7420395 0.7243869 0.7411864 0.6717141 0.6991462 0.6895877 0.7030800 1.1084810 0.7041609 0.7258403 0.7257218 0.7437633 0.6964463 0.7874050 0.6907796 0.7913972 0.7902107 0.7846337 0.7676427 0.7827395 1.2376218 0.7952929 0.5806826 0.8126975 0.8166958 0.8446706 0.8140700 0.8428017 
Grammomys_surdaster__zinc_finger_protein_648__Grammomys_surdaster_                                                 0.1297507 0.1375389 0.0000000 0.1173663 0.1356581 0.2196039 0.2223341 0.2371204 0.2371204 0.2371204 0.2516282 0.2907287 0.2695063 0.2497780 0.2459550 0.5636764 0.5680435 0.5636764 0.5804091 0.5740605 0.5899594 0.5858302 0.5994350 0.6193801 0.6248841 0.5850144 0.6159679 0.5984297 0.6367247 0.6230445 0.6414307 0.6044943 0.6154776 0.6045680 0.6446599 0.6929059 0.6237618 0.6962178 0.6932175 0.6575823 0.6266145 0.6473188 0.6193360 0.6370301 0.6426936 0.6389585 0.6531498 0.6833526 0.6328965 0.6846681 0.7222393 0.7168350 0.6735685 0.7172710 0.6685287 0.7218759 0.6845130 0.6957245 0.6379547 0.7097239 0.6459223 0.6705466 0.7256875 0.7043147 0.7211198 0.7021173 0.7320643 0.6945564 0.7612577 0.7211643 0.7056416 0.8248848 0.7539132 0.7127723 0.7148652 0.7094983 0.7216994 0.7060421 0.7527996 0.7542809 0.7542809 0.7771067 0.7764009 0.7838439 0.7573038 0.8121261 0.7339310 0.8233989 0.8152197 0.8154837 0.7896274 0.8047441 0.8416699 0.8056165 0.5666415 0.8288267 0.8227110 0.8060127 0.8462396 0.8621440 
Mus_pahari__zinc_finger_protein_648__Mus_pahari_                                                                   0.0803657 0.0793394 0.1173663 0.0000000 0.1432751 0.2487963 0.2471256 0.2670732 0.2670732 0.2670732 0.2830737 0.3038372 0.2918242 0.2809880 0.2775673 0.5923696 0.5471514 0.5923696 0.6092957 0.6089417 0.6061267 0.5688935 0.5812353 0.5816472 0.6204835 0.5739180 0.5977230 0.5815754 0.6325977 0.6329984 0.6374245 0.6043140 0.6186139 0.6233158 0.6507662 0.6589630 0.6276705 0.6701178 0.6621792 0.6667242 0.6355402 0.6396291 0.6312699 0.6463640 0.6522536 0.6483902 0.6691450 0.6904645 0.6244823 0.7117103 0.7142707 0.7256506 0.6846775 0.7239435 0.6897828 0.7340675 0.6959669 0.7048000 0.6171405 0.7260054 0.6271842 0.6308940 0.7330332 0.7137334 0.7524169 0.7127885 0.7273842 0.6543024 0.7702102 0.7062627 0.7375399 0.7659280 0.7690660 0.7481187 0.7474039 0.7213739 0.7199759 0.7105788 0.7539967 0.7550744 0.7550744 0.7784283 0.7780110 0.7905931 0.7585798 0.8044623 0.7332915 0.8024034 0.8012032 0.7954695 0.7733540 0.7848343 0.8278323 0.7967864 0.5809704 0.8380921 0.8286877 0.8922712 0.8361301 0.8689744 
Rattus_norvegicus__PREDICTED__zinc_finger_protein_648__Rattus_norvegicus_                                          0.1628118 0.1598036 0.1356581 0.1432751 0.0000000 0.2826168 0.2698621 0.2845161 0.2845161 0.2845161 0.2887550 0.3435404 0.3296077 0.2856784 0.2823842 0.6300020 0.6288102 0.6300020 0.6453654 0.6519706 0.6511243 0.6495013 0.6531015 0.6577704 0.6917211 0.6548633 0.6802811 0.6521539 0.7040555 0.6728953 0.7090898 0.6877827 0.6939645 0.6783881 0.7133807 0.7240446 0.7039252 0.7318766 0.7269447 0.7367830 0.7066122 0.7179535 0.6802007 0.7169624 0.7142390 0.7017409 0.7430791 0.7246367 0.6781556 0.7330376 0.7850506 0.7406341 0.7109568 0.7410289 0.7132917 0.7253651 0.7224015 0.7423160 0.6941141 0.7137422 0.6839006 0.6943872 0.7304152 0.7499567 0.7636421 0.7830077 0.7208809 0.7642956 0.8094552 0.7805219 0.7466871 0.8886466 0.7584643 0.7749969 0.7446558 0.7673209 0.8170592 0.7609991 0.8195201 0.8205621 0.8205621 0.8363097 0.8446257 0.8301515 0.8243972 0.8742891 0.8066194 0.8933509 0.8845620 0.8711707 0.8350613 0.8505862 0.9104449 0.8707605 0.5869452 0.9193553 0.9127957 0.9498167 0.9105311 0.9317269 
Eukaryota_Neotoma_lepida__21318__partial__Neotoma_lepida_                                                          0.2394311 0.2444035 0.2196039 0.2487963 0.2826168 0.0000000 0.0992552 0.1248814 0.1248814 0.1248814 0.2685012 0.1544141 0.1520309 0.1317331 0.1314404 0.5864723 0.5546909 0.5864723 0.5963257 0.6000085 0.6076416 0.5752525 0.5834543 0.6347994 0.6082716 0.5804268 0.6190913 0.5883199 0.6032385 0.5909500 0.6080126 0.6037928 0.6026989 0.5820682 0.6294230 0.6414417 0.6117446 0.6475175 0.6421806 0.6641073 0.6076375 0.6325816 0.6072378 0.6255918 0.6314714 0.6275675 0.6421144 0.6645960 0.6254555 0.6822838 0.7437201 0.7005940 0.6658280 0.7006953 0.6606460 0.6935983 0.6770887 0.6814572 0.6097061 0.6857721 0.6250821 0.6696838 0.7003312 0.6902185 0.7125462 0.7001443 0.7129952 0.6493084 0.7570266 0.7265079 0.7122962 0.8122396 0.7547481 0.7419153 0.7220377 0.6240368 0.6610653 0.7055930 0.6601776 0.6599291 0.6599291 0.6776919 0.6824404 0.7022967 0.6644040 0.7997323 0.6550790 0.7834869 0.7754147 0.7462819 0.7292988 0.7444409 0.7846123 0.7225062 0.6152881 0.7413615 0.7355115 0.8633635 0.7536199 0.7697412 
Peromyscus_maniculatus_bairdii__PREDICTED__zinc_finger_protein_648__Peromyscus_maniculatus_bairdii_                0.2372383 0.2467152 0.2223341 0.2471256 0.2698621 0.0992552 0.0000000 0.1392466 0.1392466 0.1392466 0.2772471 0.2006990 0.1623939 0.1465200 0.1446603 0.6042592 0.5730796 0.6042592 0.6142313 0.6180272 0.6267553 0.5926407 0.6020780 0.6537969 0.6245155 0.5978900 0.6312238 0.6059102 0.6148801 0.6014428 0.6196607 0.6161872 0.6221053 0.6168427 0.6392164 0.6592891 0.6314045 0.6653980 0.6599450 0.6540499 0.6270744 0.6348766 0.6266637 0.6454130 0.6514170 0.6474766 0.6624371 0.6626194 0.6379058 0.6915734 0.7752017 0.7144017 0.6750667 0.7148537 0.6698664 0.6875296 0.6863628 0.7047142 0.6367193 0.6758412 0.6398340 0.6919474 0.6901571 0.7136652 0.7299876 0.7275325 0.7266410 0.6756994 0.7733220 0.7060620 0.7054922 0.8352497 0.7686661 0.7567545 0.7134540 0.6343456 0.6863494 0.7265965 0.6691630 0.6792370 0.6792370 0.6893565 0.6975859 0.7027669 0.6734210 0.8298644 0.6569487 0.7925527 0.7844844 0.7366110 0.7150535 0.7298339 0.8195578 0.7104481 0.5988835 0.7677388 0.7618136 0.8698130 0.7857729 0.7952821 
Cricetulus_griseus__ZNF648__Cricetulus_griseus_                                                                    0.2506272 0.4975823 0.2371204 0.2670732 0.2845161 0.1248814 0.1392466 0.0000000 0.0000010 0.0876492 0.2528999 0.2669487 0.1013222 0.0961545 0.0000010 0.8070677 0.5811862 0.5911249 0.6189685 0.6227566 0.6128505 0.5693764 0.5778472 0.6599609 0.5798263 0.5663082 0.5958664 0.5781332 0.5913490 0.6037310 0.5960443 0.5980536 0.5962405 0.5981706 0.6000036 0.6580022 0.6050718 0.6583079 0.6586572 0.6648973 0.6010984 0.6245688 0.5970277 0.6197132 0.6244049 0.6205740 0.6358491 0.6786746 0.6467895 0.6988723 0.7832410 0.7321095 0.6822674 0.7325296 0.6770336 0.7231432 0.6883102 0.7025947 0.6428747 0.7149770 0.6484171 0.7015338 0.7198229 0.7114988 0.7317017 0.7644304 0.7485300 0.6989348 0.7784914 0.7843482 0.7297834 0.8372859 0.7918300 0.7371630 0.7365457 0.6569066 0.7057182 0.7664047 0.6937448 1.1246961 0.7000062 0.7136971 0.7140566 0.7447160 0.6981062 0.8734972 0.6751634 0.7988176 0.7906934 0.8083476 0.7910044 0.8065491 1.2509687 0.7642201 0.6069246 0.8081115 0.8019455 0.8740439 0.8206905 0.8454361 
Cricetulus_griseus__zinc_finger_protein__Cricetulus_griseus_                                                       0.2506272 0.4975823 0.2371204 0.2670732 0.2845161 0.1248814 0.1392466 0.0000010 0.0000000 0.0876492 0.2528999 0.2669487 0.1013222 0.0961545 0.0000010 0.8070677 0.5811862 0.5911249 0.6189685 0.6227566 0.6128505 0.5693764 0.5778472 0.6599609 0.5798263 0.5663082 0.5958664 0.5781332 0.5913490 0.6037310 0.5960443 0.5980536 0.5962405 0.5981706 0.6000036 0.6580022 0.6050718 0.6583079 0.6586572 0.6648973 0.6010984 0.6245688 0.5970277 0.6197132 0.6244049 0.6205740 0.6358491 0.6786746 0.6467895 0.6988723 0.7832410 0.7321095 0.6822674 0.7325296 0.6770336 0.7231432 0.6883102 0.7025947 0.6428747 0.7149770 0.6484171 0.7015338 0.7198229 0.7114988 0.7317017 0.7644304 0.7485300 0.6989348 0.7784914 0.7843482 0.7297834 0.8372859 0.7918300 0.7371630 0.7365457 0.6569066 0.7057182 0.7664047 0.6937448 1.1246961 0.7000062 0.7136971 0.7140566 0.7447160 0.6981062 0.8734972 0.6751634 0.7988176 0.7906934 0.8083476 0.7910044 0.8065491 1.2509687 0.7642201 0.6069246 0.8081115 0.8019455 0.8740439 0.8206905 0.8454361 
Cricetulus_griseus__zinc_finger_protein_648__Cricetulus_griseus_                                                   0.2506272 0.3898043 0.2371204 0.2670732 0.2845161 0.1248814 0.1392466 0.0876492 0.0876492 0.0000000 0.2528999 0.2420465 0.1013222 0.0017401 0.0000010 0.7014727 0.5811862 0.5911249 0.6189685 0.6227566 0.6128505 0.5693764 0.5778472 0.6599609 0.5798263 0.5663082 0.5958664 0.5781332 0.5913490 0.6037310 0.5960443 0.5980536 0.5962405 0.5981706 0.6000036 0.6580022 0.6050718 0.6583079 0.6586572 0.6648973 0.6010984 0.6245688 0.5970277 0.6197132 0.6244049 0.6205740 0.6358491 0.6786746 0.6467895 0.6988723 0.7832410 0.7321095 0.6822674 0.7325296 0.6770336 0.7231432 0.6883102 0.7025947 0.6428747 0.7149770 0.6484171 0.7015338 0.7198229 0.7114988 0.7317017 0.7644304 0.7485300 0.6989348 0.7784914 0.7843482 0.7297834 0.8372859 0.7918300 0.7371630 0.7365457 0.6569066 0.7057182 0.7664047 0.6937448 0.8854710 0.7000062 0.7136971 0.7140566 0.7447160 0.6981062 0.8734972 0.6751634 0.7988176 0.7906934 0.8083476 0.7910044 0.8065491 1.0311985 0.7642201 0.6069246 0.8081115 0.8019455 0.8740439 0.8206905 0.8454361 
Meriones_unguiculatus__zinc_finger_protein_648__Meriones_unguiculatus_                                             0.2657983 0.2709410 0.2516282 0.2830737 0.2887550 0.2685012 0.2772471 0.2528999 0.2528999 0.2528999 0.0000000 0.3330543 0.2915999 0.2535244 0.2350005 0.6417496 0.6220061 0.6417496 0.6550725 0.6590564 0.6605797 0.6242329 0.6406518 0.6903322 0.6556263 0.6295348 0.6668731 0.6268960 0.6683896 0.6334439 0.6733089 0.6569326 0.6433475 0.6373431 0.6876330 0.6984729 0.6547461 0.6986658 0.7014895 0.6869525 0.6476874 0.6668145 0.6385911 0.6683987 0.6723894 0.6685207 0.6940136 0.6886001 0.6699506 0.7299167 0.8068102 0.7263617 0.7180933 0.7267865 0.7127495 0.7449085 0.7290708 0.7076792 0.6565833 0.7331720 0.6610760 0.7293466 0.7435937 0.7214868 0.7254354 0.7344745 0.7440229 0.7703290 0.7735537 0.7451358 0.7536202 0.8876742 0.7672150 0.7343928 0.7604749 0.6982911 0.7339901 0.7305305 0.7540016 0.7546332 0.7546332 0.7929536 0.7657222 0.8031169 0.7585369 0.8490434 0.7388249 0.8194175 0.8110745 0.8325757 0.8151048 0.8304419 0.8308945 0.7961354 0.6496968 0.8710518 0.8646495 0.9295913 0.8637922 0.8792621 
Microtus_ochrogaster__LOW_QUALITY_PROTEIN__zinc_finger_protein_648__Microtus_ochrogaster_                          0.2922645 0.3872214 0.2907287 0.3038372 0.3435404 0.1544141 0.2006990 0.2669487 0.2669487 0.2420465 0.3330543 0.0000000 0.2250194 0.2596241 0.2127146 0.7706540 0.6688617 0.6311589 0.6617058 0.6608654 0.6538249 0.6577819 0.6751126 0.7363225 0.6958858 0.6633587 0.7056595 0.6719365 0.7094237 0.6397571 0.7146317 0.6980264 0.6835676 0.6916478 0.7190755 0.6902319 0.6930509 0.6949452 0.6893867 0.7072263 0.6930571 0.7194939 0.6925602 0.7079596 0.7143587 0.7102985 0.7250405 0.7329777 0.6979775 0.7237940 0.7974876 0.7388863 0.6966892 0.7390598 0.6914284 0.7385163 0.7081138 0.7267795 0.6863339 0.7362727 0.7042581 0.7615218 0.7595410 0.7359563 0.7638097 0.7374927 0.7562374 0.7763508 0.8005229 0.8187264 0.7668724 0.8416987 0.7924321 0.7892356 0.7772106 0.7188837 0.7571339 0.7276301 0.7562219 0.9465199 0.7634120 0.7982619 0.7821924 0.8106367 0.7491744 0.8374034 0.7513702 0.8430762 0.8345566 0.7867663 0.7696238 0.7848509 0.9594066 0.7685936 0.6430133 0.8169629 0.8014124 0.8825760 0.7961532 0.8510093 
Mesocricetus_auratus__zinc_finger_protein_648__Mesocricetus_auratus_                                               0.2741246 0.2811298 0.2695063 0.2918242 0.3296077 0.1520309 0.1623939 0.1013222 0.1013222 0.1013222 0.2915999 0.2250194 0.0000000 0.1067497 0.1060313 0.6232985 0.5929123 0.6232985 0.6353642 0.6437383 0.6529812 0.6192025 0.6191533 0.6664978 0.6439617 0.6159340 0.6412196 0.6288193 0.6338146 0.6326056 0.6388202 0.6511129 0.6273633 0.6371978 0.6616027 0.6938912 0.6391929 0.6963443 0.6966430 0.7058123 0.6452013 0.6696919 0.6460791 0.6611544 0.6707890 0.6621601 0.6838029 0.6857895 0.6826430 0.7378667 0.7256207 0.7466520 0.7268119 0.7470609 0.7211275 0.7700105 0.7333143 0.7361324 0.6599006 0.7579525 0.6847379 0.7265956 0.7751683 0.7458083 0.7665903 0.7289268 0.7819303 0.7396972 0.8235335 0.7923882 0.7943661 0.8392063 0.8175225 0.8024627 0.8020829 0.6653477 0.7028430 0.7311957 0.7148433 0.7154752 0.7154752 0.7301024 0.7359216 0.7714000 0.7070058 0.8371502 0.7006489 0.7962110 0.7878400 0.8030143 0.7953342 0.8028749 0.8217376 0.7923932 0.6639832 0.7532671 0.7528932 0.8826249 0.7659641 0.7873031 
Cricetulus_griseus__LOW_QUALITY_PROTEIN__zinc_finger_protein_648__Cricetulus_griseus_                              0.2598415 0.4126254 0.2497780 0.2809880 0.2856784 0.1317331 0.1465200 0.0961545 0.0961545 0.0017401 0.2535244 0.2596241 0.1067497 0.0000000 0.0000010 0.6795660 0.5756244 0.5649865 0.5936564 0.5974748 0.5786314 0.5638517 0.5727937 0.6540030 0.5748137 0.5605985 0.5893478 0.5637470 0.5869875 0.5987915 0.5919636 0.5885449 0.5922162 0.5915637 0.5961579 0.6576611 0.6015460 0.6579871 0.6583592 0.6803443 0.5973689 0.6222108 0.6020481 0.6085234 0.6154950 0.6114495 0.6341495 0.6740952 0.6401813 0.6931416 0.7631768 0.7238872 0.6755983 0.7243497 0.6700717 0.7280387 0.6819882 0.6971059 0.6446952 0.7192589 0.6411350 0.6952477 0.7244400 0.7070654 0.7177072 0.7402289 0.7326240 0.6886561 0.7676956 0.7674059 0.7351268 0.8099115 0.7779222 0.7258148 0.7423994 0.6877530 0.7406147 0.7519039 0.7219783 0.9258210 0.7283533 0.7383267 0.7434505 0.7766027 0.7266878 0.8601007 0.7024471 0.8004092 0.7944347 0.8505396 0.8320245 0.8485927 1.0509573 0.8077007 0.6031943 0.8558084 0.8385667 0.8461198 0.8585504 0.8856141 
Cricetulus_griseus__Zinc_finger_protein_648__Cricetulus_griseus_                                                   0.2580677 0.2692244 0.2459550 0.2775673 0.2823842 0.1314404 0.1446603 0.0000010 0.0000010 0.0000010 0.2350005 0.2127146 0.1060313 0.0000010 0.0000000 0.5388437 0.5523944 0.5388437 0.5674810 0.5712011 0.5523797 0.5459763 0.5549170 0.6363793 0.5486291 0.5426708 0.5715381 0.5458648 0.5605981 0.5690809 0.5655707 0.5706835 0.5661241 0.5655298 0.5697463 0.6302284 0.5752503 0.6306383 0.6310799 0.6441634 0.5713192 0.5958853 0.5758339 0.5821941 0.5891788 0.5851242 0.6074311 0.6525195 0.6137494 0.6659880 0.7247369 0.6968002 0.6484285 0.6973294 0.6428996 0.7004778 0.6548529 0.6608580 0.6179630 0.6918591 0.6145123 0.6774420 0.6971205 0.6706512 0.7002410 0.7297986 0.7053474 0.6619536 0.7406954 0.7451499 0.7077455 0.7831686 0.7504746 0.6986819 0.7149113 0.6514080 0.7019395 0.7417074 0.6791722 0.6793487 0.6793487 0.6953631 0.7001219 0.7323492 0.6837478 0.8506288 0.6593895 0.7799746 0.7739593 0.8295675 0.8107626 0.8276038 0.7983660 0.7865693 0.5769253 0.8349170 0.8175158 0.8298016 0.8377758 0.8584375 
Ictidomys_tridecemlineatus__zinc_finger_protein_648_isoform_X1__Ictidomys_tridecemlineatus_                        0.5611369 0.8289838 0.5636764 0.5923696 0.6300020 0.5864723 0.6042592 0.8070677 0.8070677 0.7014727 0.6417496 0.7706540 0.6232985 0.6795660 0.5388437 0.0000000 0.3476471 0.0000010 0.0260960 0.0281816 0.0167821 0.3457694 0.3507101 0.4164336 0.3881443 0.3509693 0.3726751 0.3418861 0.3994363 0.3484258 0.4032397 0.3676952 0.4076486 0.4189343 0.4075115 0.4397631 0.4090539 0.4478452 0.4423531 0.3811247 0.4106623 0.3986258 0.3987637 0.4216101 0.4168255 0.4070568 0.4319833 0.4342722 0.4432553 0.4408922 0.0786416 0.4400107 0.4596451 0.4352503 0.4637536 0.4806151 0.4590730 0.4666471 0.4498817 0.4717932 0.4362023 0.4132647 0.4809655 0.4753454 0.4588226 0.4496101 0.4490541 0.4753784 0.4694877 0.4327460 0.4887662 0.5399887 0.4612478 0.4584400 0.4973083 0.4786959 0.4802404 0.4431248 0.5051963 0.7634632 0.5146380 0.5299979 0.5303765 0.5366214 0.5082277 0.5355166 0.5054669 0.5175654 0.5169521 0.4866565 0.4733975 0.4847519 0.7297426 0.5111788 0.3486438 0.5157892 0.5295912 0.5698301 0.5266820 0.5348601 
Propithecus_coquereli__PREDICTED__zinc_finger_protein_648__Propithecus_coquereli_                                  0.5110954 0.5166863 0.5680435 0.5471514 0.6288102 0.5546909 0.5730796 0.5811862 0.5811862 0.5811862 0.6220061 0.6688617 0.5929123 0.5756244 0.5523944 0.3476471 0.0000000 0.3476471 0.3295607 0.3356933 0.3504560 0.1741040 0.1722580 0.0819126 0.2097240 0.1774480 0.1876900 0.1803857 0.2054317 0.3734872 0.2082464 0.1922697 0.2277122 0.2491097 0.2293850 0.2839046 0.2283047 0.2844659 0.2852515 0.2227829 0.2277138 0.2111213 0.2415861 0.2390018 0.2355901 0.2326518 0.2397772 0.2743550 0.2242889 0.2824048 0.4737646 0.2963733 0.2900507 0.3003500 0.2931094 0.3383118 0.2967676 0.3070825 0.2331243 0.3311716 0.2281492 0.2140732 0.3420554 0.3087724 0.3219429 0.3358615 0.3000899 0.2791186 0.3176500 0.3911481 0.3445809 0.4137753 0.3116080 0.3169850 0.3486528 0.3496178 0.3694374 0.3208897 0.3581605 0.3702380 0.3702380 0.3718378 0.3863679 0.4025960 0.3671472 0.3739028 0.3527162 0.3904875 0.3920323 0.3993187 0.3949329 0.4022539 0.4044845 0.4183967 0.2307333 0.4291632 0.4412338 0.4457413 0.4221370 0.4380132 
Ictidomys_tridecemlineatus__zinc_finger_protein_648_isoform_X2__Ictidomys_tridecemlineatus_                        0.5611369 0.5857182 0.5636764 0.5923696 0.6300020 0.5864723 0.6042592 0.5911249 0.5911249 0.5911249 0.6417496 0.6311589 0.6232985 0.5649865 0.5388437 0.0000010 0.3476471 0.0000000 0.0260960 0.0281816 0.0167821 0.3457694 0.3507101 0.4164336 0.3881443 0.3509693 0.3726751 0.3418861 0.3994363 0.3484258 0.4032397 0.3676952 0.4076486 0.4189343 0.4075115 0.4397631 0.4090539 0.4478452 0.4423531 0.3811247 0.4106623 0.3986258 0.3987637 0.4216101 0.4168255 0.4070568 0.4319833 0.4342722 0.4432553 0.4408922 0.0786416 0.4400107 0.4596451 0.4352503 0.4637536 0.4806151 0.4590730 0.4666471 0.4498817 0.4717932 0.4362023 0.4132647 0.4809655 0.4753454 0.4588226 0.4496101 0.4490541 0.4753784 0.4694877 0.4327460 0.4887662 0.5399887 0.4612478 0.4584400 0.4973083 0.4786959 0.4802404 0.4431248 0.5051963 0.5146380 0.5146380 0.5299979 0.5303765 0.5366214 0.5082277 0.5355166 0.5054669 0.5175654 0.5169521 0.4866565 0.4733975 0.4847519 0.5259407 0.5111788 0.3486438 0.5157892 0.5295912 0.5698301 0.5266820 0.5348601 
Marmota_marmota_marmota__PREDICTED__zinc_finger_protein_648__Marmota_marmota_marmota_                              0.5766086 0.6019139 0.5804091 0.6092957 0.6453654 0.5963257 0.6142313 0.6189685 0.6189685 0.6189685 0.6550725 0.6617058 0.6353642 0.5936564 0.5674810 0.0260960 0.3295607 0.0260960 0.0000000 0.0054452 0.0243498 0.3370401 0.3417700 0.4007583 0.3780598 0.3420789 0.3631750 0.3332910 0.3836441 0.3416512 0.3873123 0.3583185 0.3970761 0.4080042 0.3968387 0.4283653 0.3984120 0.4362740 0.4309442 0.3725348 0.4000296 0.3857637 0.3884498 0.4105969 0.4060243 0.3965115 0.4206165 0.4251210 0.4276005 0.4188024 0.1094979 0.4181414 0.4370167 0.4175609 0.4409446 0.4606535 0.4364731 0.4487182 0.4308319 0.4520012 0.4257693 0.3998145 0.4608803 0.4535535 0.4360112 0.4356018 0.4233760 0.4611019 0.4411852 0.4347262 0.4684487 0.5246324 0.4350783 0.4554638 0.4766599 0.4627856 0.4633514 0.4317476 0.4853075 0.4944923 0.4944923 0.4949402 0.5096454 0.5157668 0.4882030 0.5166714 0.4848046 0.5204622 0.5198501 0.4687912 0.4558931 0.4669982 0.5287939 0.4924632 0.3301152 0.5064259 0.5199745 0.5637599 0.5171395 0.5251406 
Marmota_flaviventris__zinc_finger_protein_648__Marmota_flaviventris_                                               0.5761087 0.6015242 0.5740605 0.6089417 0.6519706 0.6000085 0.6180272 0.6227566 0.6227566 0.6227566 0.6590564 0.6608654 0.6437383 0.5974748 0.5712011 0.0281816 0.3356933 0.0281816 0.0054452 0.0000000 0.0264280 0.3430917 0.3479260 0.4077889 0.3846828 0.3481986 0.3695323 0.3392820 0.3903297 0.3435738 0.3940288 0.3646328 0.3992481 0.4102478 0.4036951 0.4355890 0.4005979 0.4435821 0.4381670 0.3790467 0.4022135 0.3924208 0.3905705 0.4128571 0.4082419 0.3986781 0.4229473 0.4321213 0.4347201 0.4328125 0.1178282 0.4276113 0.4512699 0.4270117 0.4552905 0.4682435 0.4507113 0.4633008 0.4381407 0.4595241 0.4330861 0.4066213 0.4685165 0.4682415 0.4457040 0.4318822 0.4374329 0.4692899 0.4516909 0.4420096 0.4761752 0.5286988 0.4409800 0.4661367 0.4845152 0.4705267 0.4711242 0.4280601 0.4933190 0.5026082 0.5026082 0.5031292 0.5179990 0.5241718 0.4962695 0.5127192 0.4929647 0.5233113 0.5226925 0.4763824 0.4633313 0.4745423 0.5317089 0.5004166 0.3412170 0.5102039 0.5282070 0.5575565 0.5253165 0.5334468 
Urocitellus_parryii__zinc_finger_protein_648__Urocitellus_parryii_                                                 0.5847347 0.6035611 0.5899594 0.6061267 0.6511243 0.6076416 0.6267553 0.6128505 0.6128505 0.6128505 0.6605797 0.6538249 0.6529812 0.5786314 0.5523797 0.0167821 0.3504560 0.0167821 0.0243498 0.0264280 0.0000000 0.3459424 0.3508568 0.4238858 0.3897034 0.3511135 0.3742209 0.3420799 0.4034098 0.3538774 0.4072180 0.3677436 0.4111016 0.4223497 0.4090676 0.4473610 0.4125106 0.4571378 0.4515943 0.3928168 0.4140941 0.4001643 0.3955110 0.4250162 0.4202287 0.4105088 0.4353609 0.4432514 0.4405835 0.4460278 0.1026096 0.4451039 0.4562934 0.4444701 0.4603454 0.4888429 0.4557297 0.4754308 0.4441940 0.4799893 0.4334819 0.4175065 0.4892446 0.4841599 0.4681057 0.4602661 0.4422314 0.4775680 0.4798509 0.4454392 0.4971101 0.5434825 0.4627670 0.4687642 0.5057545 0.4826357 0.4841989 0.4561276 0.5090908 0.5185143 0.5185143 0.5338996 0.5342576 0.5404852 0.5121264 0.5434531 0.5094378 0.5221691 0.5215523 0.4914529 0.4782012 0.4895327 0.5305497 0.5160139 0.3486849 0.5205937 0.5252235 0.5704012 0.5333613 0.5396844 
Gorilla_gorilla_gorilla__PREDICTED__zinc_finger_protein_648__Gorilla_gorilla_gorilla_                              0.5439835 0.5530253 0.5858302 0.5688935 0.6495013 0.5752525 0.5926407 0.5693764 0.5693764 0.5693764 0.6242329 0.6577819 0.6192025 0.5638517 0.5459763 0.3457694 0.1741040 0.3457694 0.3370401 0.3430917 0.3459424 0.0000000 0.0107204 0.2541487 0.0545921 0.0052997 0.0315915 0.0089175 0.0608642 0.3745966 0.0587410 0.0253609 0.0585823 0.0769450 0.0652716 0.2860668 0.0586840 0.2934645 0.2885198 0.2545652 0.0585935 0.0521364 0.0681057 0.0652996 0.0631258 0.0610248 0.0692799 0.2873734 0.1109530 0.2731959 0.4816115 0.2750700 0.2804405 0.2715759 0.2833430 0.3294112 0.2868024 0.2839638 0.1026139 0.3225501 0.1070472 0.2802915 0.3328518 0.2854682 0.2967354 0.3529326 0.2934572 0.3029419 0.3194650 0.4440106 0.3394228 0.4288777 0.3056527 0.3093161 0.3454183 0.3762008 0.3968407 0.3552378 0.3946501 0.4088348 0.4088348 0.4274429 0.4258737 0.4360466 0.4040593 0.4058504 0.3947456 0.3676537 0.3672871 0.3948497 0.3891816 0.3963899 0.3785175 0.4227126 0.2541920 0.4356511 0.4477026 0.4754651 0.4343698 0.4396724 
Homo_sapiens__zinc_finger_protein_648__Homo_sapiens_                                                               0.5558264 0.5650163 0.5994350 0.5812353 0.6531015 0.5834543 0.6020780 0.5778472 0.5778472 0.5778472 0.6406518 0.6751126 0.6191533 0.5727937 0.5549170 0.3507101 0.1722580 0.3507101 0.3417700 0.3479260 0.3508568 0.0107204 0.0000000 0.2505546 0.0609992 0.0125643 0.0396540 0.0163080 0.0673757 0.3868146 0.0652167 0.0294646 0.0650310 0.0837793 0.0718736 0.3017760 0.0651459 0.3094001 0.3042658 0.2574221 0.0650434 0.0584600 0.0748126 0.0718968 0.0696827 0.0675504 0.0760766 0.2962106 0.1192558 0.2882747 0.4935454 0.2895949 0.2956964 0.2860102 0.2986619 0.3423492 0.3022142 0.2994240 0.1130543 0.3353572 0.1115781 0.2929554 0.3424513 0.3010069 0.3120049 0.3616930 0.3084416 0.3137658 0.3351104 0.4579212 0.3526637 0.4360176 0.3184356 0.3248452 0.3588284 0.3912454 0.4125339 0.3640257 0.4080506 0.4225600 0.4225600 0.4420181 0.4401154 0.4506976 0.4177012 0.4194312 0.4084290 0.3817841 0.3813984 0.4105199 0.4048621 0.4121764 0.3929948 0.4393302 0.2687187 0.4552548 0.4676913 0.4921293 0.4540870 0.4596113 
Microcebus_murinus__zinc_finger_protein_648__Microcebus_murinus_                                                   0.5503946 0.5488533 0.6193801 0.5816472 0.6577704 0.6347994 0.6537969 0.6599609 0.6599609 0.6599609 0.6903322 0.7363225 0.6664978 0.6540030 0.6363793 0.4164336 0.0819126 0.4164336 0.4007583 0.4077889 0.4238858 0.2541487 0.2505546 0.0000000 0.2823329 0.2510442 0.2639054 0.2622110 0.2769102 0.4497320 0.2800479 0.2739108 0.3042378 0.3205914 0.3047638 0.3096940 0.2994090 0.3139232 0.3148275 0.2959714 0.3041848 0.2857020 0.3172077 0.3176625 0.3136720 0.3104372 0.3194159 0.3145754 0.2976392 0.3544565 0.5587213 0.3586117 0.3493523 0.3588121 0.3525709 0.3885253 0.3537510 0.3660907 0.3043465 0.3864287 0.3017540 0.2556190 0.3821096 0.3595686 0.3850578 0.3642924 0.3587723 0.3377520 0.3923435 0.4615182 0.3862224 0.4586757 0.3681010 0.3750704 0.3907933 0.3836880 0.4053709 0.3482474 0.3905917 0.4036108 0.4036108 0.4028153 0.4136489 0.4385939 0.4001931 0.4170413 0.3802932 0.4344587 0.4360940 0.4454268 0.4411125 0.4487281 0.4496171 0.4755673 0.2562125 0.4809454 0.4939405 0.4910154 0.4589860 0.4908970 
Piliocolobus_tephrosceles__zinc_finger_protein_648__Piliocolobus_tephrosceles_                                     0.5702527 0.6001281 0.6248841 0.6204835 0.6917211 0.6082716 0.6245155 0.5798263 0.5798263 0.5798263 0.6556263 0.6958858 0.6439617 0.5748137 0.5486291 0.3881443 0.2097240 0.3881443 0.3780598 0.3846828 0.3897034 0.0545921 0.0609992 0.2823329 0.0000000 0.0585531 0.0672358 0.0630117 0.0179402 0.4129726 0.0161042 0.0689310 0.0332551 0.0498031 0.0161423 0.3295803 0.0333079 0.3350857 0.3296179 0.2902738 0.0332615 0.0274474 0.0416417 0.0392931 0.0373108 0.0353695 0.0424130 0.3151806 0.1291412 0.3137481 0.5324261 0.3070833 0.3215552 0.3033450 0.3182908 0.3588582 0.3211675 0.3205500 0.1232568 0.3516637 0.1236507 0.3146492 0.3694861 0.3228131 0.3330469 0.3790561 0.3197235 0.3340807 0.3494963 0.4876597 0.3766646 0.4487252 0.3392735 0.3325707 0.3804458 0.3944411 0.4215272 0.3873411 0.4015135 0.4157260 0.4157260 0.4344411 0.4286119 0.4400008 0.4109546 0.4373038 0.4017510 0.4065717 0.4061542 0.4329951 0.4242108 0.4315550 0.4252784 0.4551974 0.2877501 0.4665561 0.4790694 0.5128471 0.4721178 0.4710562 
Pan_paniscus__zinc_finger_protein_648__Pan_paniscus_                                                               0.5488728 0.5579498 0.5850144 0.5739180 0.6548633 0.5804268 0.5978900 0.5663082 0.5663082 0.5663082 0.6295348 0.6633587 0.6159340 0.5605985 0.5426708 0.3509693 0.1774480 0.3509693 0.3420789 0.3481986 0.3511135 0.0052997 0.0125643 0.2510442 0.0585531 0.0000000 0.0336036 0.0107492 0.0648634 0.3831824 0.0627270 0.0272965 0.0625526 0.0810766 0.0693082 0.2856446 0.0626619 0.2930351 0.2880962 0.2586320 0.0625645 0.0560557 0.0721948 0.0693334 0.0671437 0.0650321 0.0734191 0.2846154 0.1161235 0.2696237 0.4870969 0.2712076 0.2768295 0.2677388 0.2797187 0.3250346 0.2831579 0.2803065 0.1049372 0.3182249 0.1121228 0.2845730 0.3284411 0.2817929 0.2926712 0.3524373 0.2894696 0.3104120 0.3142441 0.4483083 0.3349343 0.4349383 0.3015891 0.3041622 0.3408670 0.3723372 0.3928278 0.3547417 0.3906998 0.4048064 0.4048064 0.4232696 0.4217179 0.4317863 0.4000494 0.4053388 0.3907130 0.3676432 0.3672765 0.3948583 0.3891859 0.3963998 0.3785141 0.4227449 0.2500361 0.4385613 0.4506802 0.4732880 0.4372962 0.4426357 
Nomascus_leucogenys__PREDICTED__zinc_finger_protein_648__Nomascus_leucogenys_                                      0.5697771 0.5832790 0.6159679 0.5977230 0.6802811 0.6190913 0.6312238 0.5958664 0.5958664 0.5958664 0.6668731 0.7056595 0.6412196 0.5893478 0.5715381 0.3726751 0.1876900 0.3726751 0.3631750 0.3695323 0.3742209 0.0315915 0.0396540 0.2639054 0.0672358 0.0336036 0.0000000 0.0376759 0.0736695 0.3987722 0.0714914 0.0433115 0.0736662 0.0907388 0.0782222 0.3202929 0.0737989 0.3245482 0.3192613 0.2823428 0.0736799 0.0646310 0.0837639 0.0782128 0.0784482 0.0738258 0.0851382 0.3106099 0.1318081 0.2951987 0.5159291 0.3012873 0.3026282 0.2976500 0.3055936 0.3642875 0.3091534 0.3116896 0.1198256 0.3570511 0.1171946 0.3047780 0.3679899 0.3133244 0.3241690 0.3626447 0.3103129 0.3252655 0.3466054 0.4648348 0.3751487 0.4333964 0.3294096 0.3362841 0.3816162 0.4000019 0.4206455 0.3681180 0.4207655 0.4353730 0.4353730 0.4559108 0.4490669 0.4639628 0.4305058 0.4139316 0.4214076 0.3948304 0.3944314 0.4178516 0.4122638 0.4195439 0.4062144 0.4467764 0.2851637 0.4625881 0.4750379 0.4976285 0.4558403 0.4670238 
Pan_troglodytes__zinc_finger_protein_648__Pan_troglodytes_                                                         0.5563055 0.5654427 0.5984297 0.5815754 0.6521539 0.5883199 0.6059102 0.5781332 0.5781332 0.5781332 0.6268960 0.6719365 0.6288193 0.5637470 0.5458648 0.3418861 0.1803857 0.3418861 0.3332910 0.3392820 0.3420799 0.0089175 0.0163080 0.2622110 0.0630117 0.0107492 0.0376759 0.0000000 0.0681194 0.3845234 0.0659429 0.0312208 0.0657529 0.0846532 0.0739123 0.2892593 0.0658700 0.2967163 0.2917245 0.2625411 0.0657655 0.0604536 0.0756232 0.0707923 0.0704455 0.0682967 0.0769049 0.2929371 0.1213984 0.2789561 0.4808151 0.2785050 0.2862706 0.2749967 0.2891976 0.3320362 0.2926930 0.2898724 0.1151825 0.3251256 0.1173097 0.2891061 0.3355068 0.2913125 0.3002969 0.3538226 0.2988784 0.3083171 0.3251984 0.4449441 0.3421432 0.4459224 0.3111886 0.3150122 0.3481936 0.3837679 0.4045860 0.3561202 0.4022858 0.4169046 0.4169046 0.4353446 0.4341777 0.4440694 0.4117617 0.4069205 0.4025400 0.3744599 0.3740834 0.4028494 0.3972244 0.4044380 0.3855110 0.4309964 0.2537758 0.4438304 0.4559866 0.4896108 0.4426029 0.4479723 
Rhinopithecus_roxellana__PREDICTED__zinc_finger_protein_648__Rhinopithecus_roxellana_                              0.5814366 0.6119269 0.6367247 0.6325977 0.7040555 0.6032385 0.6148801 0.5913490 0.5913490 0.5913490 0.6683896 0.7094237 0.6338146 0.5869875 0.5605981 0.3994363 0.2054317 0.3994363 0.3836441 0.3903297 0.4034098 0.0608642 0.0673757 0.2769102 0.0179402 0.0648634 0.0736695 0.0681194 0.0000000 0.4170651 0.0017629 0.0753730 0.0352244 0.0519067 0.0272664 0.3281772 0.0352806 0.3285180 0.3282206 0.2812846 0.0352311 0.0313055 0.0436931 0.0413112 0.0393151 0.0373623 0.0444971 0.3170087 0.1355323 0.3249431 0.5486280 0.3222254 0.3328446 0.3184040 0.3295453 0.3588694 0.3324447 0.3318486 0.1295962 0.3516903 0.1306360 0.3117378 0.3694759 0.3341859 0.3489839 0.3967660 0.3281483 0.3186964 0.3613837 0.4957913 0.3766408 0.4527709 0.3479411 0.3508465 0.3831119 0.4060266 0.4335795 0.4013323 0.4131437 0.4200139 0.4200139 0.4379930 0.4329859 0.4554866 0.4227159 0.4457513 0.4136224 0.4119875 0.4115623 0.4536031 0.4446009 0.4520333 0.4309060 0.4612235 0.2924014 0.4776828 0.4904409 0.5106888 0.4855411 0.4845206 
Castor_canadensis__zinc_finger_protein_648__Castor_canadensis_                                                     0.5824581 0.6002489 0.6230445 0.6329984 0.6728953 0.5909500 0.6014428 0.6037310 0.6037310 0.6037310 0.6334439 0.6397571 0.6326056 0.5987915 0.5690809 0.3484258 0.3734872 0.3484258 0.3416512 0.3435738 0.3538774 0.3745966 0.3868146 0.4497320 0.4129726 0.3831824 0.3987722 0.3845234 0.4170651 0.0000000 0.4208554 0.3919689 0.3924629 0.4284949 0.4322925 0.4265178 0.3937842 0.4290133 0.4284276 0.4036435 0.4027480 0.4201757 0.3907699 0.4088602 0.4068422 0.3980986 0.4182276 0.4301979 0.4627405 0.4210856 0.4833119 0.4212806 0.4359905 0.4212806 0.4397244 0.4640246 0.4443253 0.4430318 0.4686655 0.4573056 0.4657348 0.4335009 0.4619758 0.4583868 0.4612723 0.4680753 0.4535089 0.5309376 0.4809814 0.4367222 0.4627508 0.5819845 0.4573860 0.4596812 0.4712209 0.4532252 0.4543165 0.4520478 0.4821477 0.4793811 0.4793811 0.5079227 0.4993384 0.4958842 0.4700571 0.5052692 0.4875150 0.5316618 0.5291864 0.5251348 0.5123414 0.5242563 0.5325904 0.5263831 0.3717776 0.5588390 0.5720187 0.5898447 0.5613887 0.5670248 
Rhinopithecus_bieti__PREDICTED__zinc_finger_protein_648__Rhinopithecus_bieti_                                      0.5860217 0.6166808 0.6414307 0.6374245 0.7090898 0.6080126 0.6196607 0.5960443 0.5960443 0.5960443 0.6733089 0.7146317 0.6388202 0.5919636 0.5655707 0.4032397 0.2082464 0.4032397 0.3873123 0.3940288 0.4072180 0.0587410 0.0652167 0.2800479 0.0161042 0.0627270 0.0714914 0.0659429 0.0017629 0.4208554 0.0000000 0.0731918 0.0332809 0.0498519 0.0253812 0.3315689 0.0333338 0.3318956 0.3315984 0.2843711 0.0332873 0.0293861 0.0416786 0.0393264 0.0373416 0.0353979 0.0424514 0.3202780 0.1379838 0.3214828 0.5530525 0.3188382 0.3293581 0.3150320 0.3260684 0.3622425 0.3289619 0.3283591 0.1320178 0.3550330 0.1330351 0.3149840 0.3728832 0.3306745 0.3454445 0.4006120 0.3247743 0.3220392 0.3578432 0.4998631 0.3800988 0.4567853 0.3444912 0.3473118 0.3866101 0.4097560 0.4374557 0.4051989 0.4168870 0.4237864 0.4237864 0.4418380 0.4368388 0.4594569 0.4265004 0.4498083 0.4174433 0.4082393 0.4078187 0.4494584 0.4404875 0.4479130 0.4270454 0.4651451 0.2960950 0.4816216 0.4944253 0.5147122 0.4895162 0.4885105 
Pongo_abelii__zinc_finger_protein_648__Pongo_abelii_                                                               0.5713687 0.5806589 0.6044943 0.6043140 0.6877827 0.6037928 0.6161872 0.5980536 0.5980536 0.5980536 0.6569326 0.6980264 0.6511129 0.5885449 0.5706835 0.3676952 0.1922697 0.3676952 0.3583185 0.3646328 0.3677436 0.0253609 0.0294646 0.2739108 0.0689310 0.0272965 0.0433115 0.0312208 0.0753730 0.3919689 0.0731918 0.0000000 0.0685267 0.0831118 0.0755309 0.3153051 0.0686475 0.3230246 0.3177925 0.2764414 0.0685395 0.0663122 0.0783343 0.0753938 0.0690135 0.0710590 0.0796290 0.3157841 0.1289346 0.3051070 0.5150651 0.3025232 0.3126504 0.2988896 0.3156574 0.3548697 0.3192779 0.3165683 0.1202489 0.3477367 0.1217598 0.3108735 0.3584997 0.3182206 0.3253951 0.3697042 0.3229950 0.3098336 0.3499309 0.4570596 0.3655002 0.4435114 0.3364143 0.3422454 0.3718416 0.4043495 0.4259622 0.3758499 0.4233241 0.4380186 0.4380186 0.4576435 0.4559330 0.4668282 0.4331277 0.4280701 0.4240222 0.4001787 0.3997720 0.4285388 0.4229671 0.4303091 0.4116987 0.4580781 0.2854706 0.4739587 0.4866115 0.5037875 0.4729044 0.4785836 
Theropithecus_gelada__zinc_finger_protein_648__Theropithecus_gelada_                                               0.5871297 0.6006874 0.6154776 0.6186139 0.6939645 0.6026989 0.6221053 0.5962405 0.5962405 0.5962405 0.6433475 0.6835676 0.6273633 0.5922162 0.5661241 0.4076486 0.2277122 0.4076486 0.3970761 0.3992481 0.4111016 0.0585823 0.0650310 0.3042378 0.0332551 0.0625526 0.0736662 0.0657529 0.0352244 0.3924629 0.0332809 0.0685267 0.0000000 0.0219548 0.0430790 0.3346559 0.0035236 0.3444580 0.3367467 0.3139429 0.0106459 0.0331443 0.0161914 0.0161595 0.0143237 0.0125067 0.0185232 0.3322064 0.1447715 0.3173599 0.5448293 0.3177131 0.3251042 0.3139583 0.3218676 0.3690606 0.3319129 0.3222548 0.1386567 0.3615675 0.1417006 0.3209100 0.3796677 0.3245022 0.3439327 0.3919132 0.3415129 0.3508539 0.3615603 0.5028698 0.3870337 0.4398178 0.3617326 0.3511307 0.3936699 0.3988225 0.4198906 0.4010374 0.4058607 0.4126236 0.4126236 0.4387454 0.4295405 0.4474432 0.4152828 0.4465265 0.4061859 0.3997770 0.3993701 0.4355016 0.4256967 0.4358229 0.4074534 0.4731969 0.3052787 0.4823285 0.4974298 0.5101867 0.4843255 0.4894666 
Cercocebus_atys__PREDICTED__zinc_finger_protein_648__Cercocebus_atys_                                              0.5917296 0.6053194 0.6045680 0.6233158 0.6783881 0.5820682 0.6168427 0.5981706 0.5981706 0.5981706 0.6373431 0.6916478 0.6371978 0.5915637 0.5655298 0.4189343 0.2491097 0.4189343 0.4080042 0.4102478 0.4223497 0.0769450 0.0837793 0.3205914 0.0498031 0.0810766 0.0907388 0.0846532 0.0519067 0.4284949 0.0498519 0.0831118 0.0219548 0.0000000 0.0602137 0.3659027 0.0219887 0.3763356 0.3682395 0.3327696 0.0257535 0.0496292 0.0278363 0.0316522 0.0297056 0.0277921 0.0345457 0.3575005 0.1578570 0.3418817 0.5605746 0.3440677 0.3498854 0.3401665 0.3465494 0.3878419 0.3569354 0.3469892 0.1537749 0.3802827 0.1545783 0.3413588 0.3989164 0.3494139 0.3591964 0.4130392 0.3532914 0.3590728 0.3845891 0.5190778 0.4066374 0.4775826 0.3739607 0.3767485 0.4135634 0.4170864 0.4389754 0.4225062 0.4245510 0.4313037 0.4313037 0.4584636 0.4489301 0.4676004 0.4340611 0.4695402 0.4250123 0.4265753 0.4261317 0.4528478 0.4428541 0.4532056 0.4265429 0.4831326 0.3197435 0.4915502 0.5068732 0.5355683 0.4936292 0.4988728 
Colobus_angolensis_palliatus__PREDICTED__zinc_finger_protein_648__Colobus_angolensis_palliatus_                    0.5770695 0.6071005 0.6446599 0.6507662 0.7133807 0.6294230 0.6392164 0.6000036 0.6000036 0.6000036 0.6876330 0.7190755 0.6616027 0.5961579 0.5697463 0.4075115 0.2293850 0.4075115 0.3968387 0.4036951 0.4090676 0.0652716 0.0718736 0.3047638 0.0161423 0.0693082 0.0782222 0.0739123 0.0272664 0.4322925 0.0253812 0.0755309 0.0430790 0.0602137 0.0000000 0.3474772 0.0431494 0.3531282 0.3474409 0.2998313 0.0430873 0.0370893 0.0518380 0.0493339 0.0472920 0.0453022 0.0527639 0.3367759 0.1405646 0.3316807 0.5440741 0.3232014 0.3397141 0.3193610 0.3363623 0.3745291 0.3359666 0.3387133 0.1344692 0.3645523 0.1347160 0.3317249 0.3854501 0.3411180 0.3501100 0.3944008 0.3372845 0.3580340 0.3611479 0.5087128 0.3929597 0.4696537 0.3574571 0.3576130 0.3997172 0.4032701 0.4307574 0.4049155 0.4103883 0.4211786 0.4211786 0.4437672 0.4342007 0.4488738 0.4199447 0.4528504 0.4108105 0.4234160 0.4229717 0.4457232 0.4367896 0.4442011 0.4429023 0.4743415 0.2954214 0.4790682 0.4918142 0.5400672 0.4848019 0.4837784 
