54
Trub____ENSTRUG00000006896.1_ENSTRUT00000016993.1_NA                                                           0.0000000 1.4292998 1.2746387 1.5372188 1.4777229 1.4973052 1.3479393 1.9317350 2.3748113 1.6830234 1.3054089 2.0069593 1.3453197 1.3720176 1.3474171 1.3659057 1.3645435 1.4371417 1.4742791 1.4025890 1.3343369 1.6673248 2.5059104 1.4436002 1.2269744 1.5390809 5.4478873 5.4478873 5.4478873 5.4478873 1.1672980 1.6147492 2.1120497 1.2020678 1.0110945 1.1684004 1.2123362 1.4737773 1.2764669 1.4793068 1.8098779 1.7925891 1.6592905 1.4652078 1.8246105 1.7211425 1.5182149 1.6178040 1.8176201 2.1881306 1.8138199 1.6236501 1.4725129 2.1799233 
Mmus____ENSMUSG00000068959.6_ENSMUST00000108015.3_Zfp619                                                       1.4292998 0.0000000 1.4385344 1.3357813 1.4616832 2.1581500 3.4381761 3.1753312 3.5065554 2.9950308 1.5072016 2.6662245 1.5747805 1.9660641 2.1694004 2.2336682 1.8794839 2.3320663 2.0004014 2.0041403 1.6441635 2.5549049 3.4122128 2.0700134 1.6706978 1.9958018 1.4891152 1.4891152 1.4891152 1.4891152 1.5988069 2.7176720 3.1147425 1.7684081 1.2722556 1.8815534 1.6467251 1.7170697 1.5580379 1.3923622 2.3622137 2.4490972 1.5726890 1.9689423 2.0877979 1.9040636 1.9355808 1.8470733 2.4417905 2.0598725 1.9510154 2.4004977 1.6359961 2.1559546 
Ecab____XP_023507076.1_zinc_finger_protein_420_isoform_X12__Equus_caballus_                                    1.2746387 1.4385344 0.0000000 0.7047105 0.7883006 1.4905411 1.5041662 1.6119902 1.9980148 2.3138666 0.7319776 1.7450700 0.7459989 1.2284509 1.0807607 0.9963453 0.9164029 1.0041858 0.9524525 0.9084760 0.9774088 1.0302879 0.8217376 1.1073534 0.8557005 1.2689229 1.8532342 1.8532342 1.8532342 1.8382471 0.8414536 1.7974409 2.0987215 1.5738076 1.3603428 1.2425431 1.2420042 1.0645598 0.9939415 0.9190864 1.1456537 1.3172120 0.8515859 1.2410651 1.0820031 1.0879360 1.3178467 1.4182161 1.9826377 1.8651035 1.2933325 1.6021275 1.5839034 2.1322801 
Oorc____XP_012393829.1_PREDICTED__LOW_QUALITY_PROTEIN__uncharacterized_protein_LOC101270594__Orcinus_orca_     1.5372188 1.3357813 0.7047105 0.0000000 0.8155371 1.9037503 1.4935227 1.4005142 1.7534849 2.2502039 1.0614047 2.0769238 1.0703207 1.4087884 0.9219515 1.0299436 1.0578598 1.2111663 1.1660324 1.2748144 1.1275155 1.0671128 1.1081012 1.0799022 0.9776150 1.2378530 1.2703949 1.2671334 1.2644940 1.2608687 0.8975190 1.6261931 2.3749158 1.7595152 1.3277217 1.2516197 1.2662227 1.2076523 1.1248735 1.2426499 1.2747756 1.1788306 1.0562568 1.5725125 1.2093909 1.1315704 1.1871814 1.4365598 2.3436394 1.8884417 1.2673149 1.4143785 1.4296660 1.8391278 
Fcat____XP_023101659.1_LOW_QUALITY_PROTEIN__zinc_finger_protein_850-like__Felis_catus_                         1.4777229 1.4616832 0.7883006 0.8155371 0.0000000 1.8531925 1.5205943 1.4345335 1.8308216 2.4751686 0.9521394 2.0912688 0.9574999 1.5197139 1.2953282 1.0897778 1.1329498 1.1591919 1.2765167 1.3243337 0.9199448 1.0868613 1.2147829 1.3201316 0.8435661 1.3141555 1.3999651 1.3999651 1.3999651 1.3866991 0.9900207 1.6751783 2.6170408 1.4367677 1.3744220 1.3194850 1.4285400 1.1306446 1.1730478 1.0734122 1.2443625 1.2082270 1.0322861 1.7449571 1.2769663 1.2864190 1.2041103 1.3857778 2.7239341 2.3039711 1.5901792 1.5925299 1.2797524 1.7613414 
Skow____XP_006815189.1_PREDICTED__zinc_finger_protein_91__Saccoglossus_kowalevskii_                            1.4973052 2.1581500 1.4905411 1.9037503 1.8531925 0.0000000 1.4984869 1.4587033 1.9434540 2.5890146 1.8565234 1.6524132 1.7704179 2.2391933 1.5445461 1.8461089 1.6576458 1.8260480 1.8969301 2.1089536 1.4024045 2.0660358 2.9379565 1.6059909 1.4091765 1.9489251 2.0815134 2.0815134 2.0815134 2.0815134 1.6088933 1.9190026 2.5220468 2.8359326 2.8331727 1.6552392 1.5733535 1.4685024 1.3337244 2.2475740 2.5114589 1.9977678 1.8114883 2.3764193 1.9037556 1.5871181 1.4409108 1.1907696 2.1847861 2.6348783 2.0092089 1.8801318 2.4649371 2.8474861 
Cint____ENSCING00000003470.3_ENSCINT00000007111.3_NA                                                           1.3479393 3.4381761 1.5041662 1.4935227 1.5205943 1.4984869 0.0000000 1.2601476 1.2003474 2.1089084 2.8119075 4.4662537 1.9221821 1.6672353 1.4060943 1.4394351 1.4861306 1.6368063 2.8672935 2.3714935 1.0707539 1.7751131 1.8154665 1.1589823 1.1396287 2.1209569 0.0000010 0.0000010 0.0000010 0.0000010 1.7179751 2.1450983 5.0873420 3.3947363 2.9390857 4.4491938 4.2700002 1.4217541 0.7761621 4.0304129 3.2834374 1.5152459 2.4523469 3.9924950 2.0367294 2.5324699 1.3729576 1.2359420 2.1165738 2.8620092 1.0576653 1.1995426 5.9353260 2.9668101 
Adig____XP_015762921.1_PREDICTED__gastrula_zinc_finger_protein_XlCGF26.1-like__Acropora_digitifera_            1.9317350 3.1753312 1.6119902 1.4005142 1.4345335 1.4587033 1.2601476 0.0000000 1.4640758 1.9895533 2.4627260 5.4491001 2.1670181 2.0332499 1.4498665 1.6529794 1.7424276 1.6571249 2.8919115 2.3838407 1.2548994 2.2476228 1.6610472 1.5105489 1.9022920 1.2161609 0.0000010 0.0000010 0.0000010 0.0000010 0.9479922 1.3610081 2.5744736 1.5679170 1.6090032 1.3251690 1.9961886 6.0156437 8.9999981 2.0250212 3.5918598 1.3094568 2.0912231 2.9968333 1.4505187 1.9514905 1.1167195 1.4257360 2.2890328 2.2792534 1.1507791 1.5073768 5.2371619 2.7157427 
Lcam_____g15459_g15459.t1_ZNF227_homolog                                                                       2.3748113 3.5065554 1.9980148 1.7534849 1.8308216 1.9434540 1.2003474 1.4640758 0.0000000 1.5167463 2.6250477 8.8275719 2.0177750 1.6581240 1.3509015 1.5808699 1.3692604 1.3402740 2.5057848 2.1235787 0.9301728 1.8449631 1.3126787 1.4116169 0.9455659 1.1871222 9.0000000 9.0000000 9.0000000 9.0000000 0.9402473 1.6517737 3.3882470 1.4495362 1.4240982 0.8029045 1.1729412 2.6001728 1.5073229 1.9651368 3.7151922 1.2567762 1.7771951 2.6443392 1.6166600 2.4595568 1.1920838 1.9303998 2.2251199 1.9651175 1.1050138 0.9211307 6.6930376 3.5419301 
Lpla____TRINITY_DN28588_c0_g1_TRINITY_DN28588_c0_g1_i10_zf-H2C2_2                                              1.6830234 2.9950308 2.3138666 2.2502039 2.4751686 2.5890146 2.1089084 1.9895533 1.5167463 0.0000000 2.1702370 4.2570782 2.4791232 2.4602396 2.3566775 2.8493723 2.0600333 2.0082913 2.6602712 2.5806479 1.5906642 3.5566751 4.0162835 3.0538552 1.9811992 1.8181966 8.9999983 8.9999983 8.9999983 8.9999982 1.7671262 2.0847224 3.4122405 1.6324324 1.4999830 0.8675798 1.0648205 1.1068421 1.1220797 2.5061507 3.5940136 2.3669703 3.1258210 3.2689849 3.0553842 2.8624553 2.3683887 2.1881296 2.0103983 2.0138806 2.2006559 2.3803108 2.9439690 2.8722358 
Ccap____XP_017380788.1_PREDICTED__LOW_QUALITY_PROTEIN__zinc_finger_protein_681-like__Cebus_capucinus_imitator_ 1.3054089 1.5072016 0.7319776 1.0614047 0.9521394 1.8565234 2.8119075 2.4627260 2.6250477 2.1702370 0.0000000 1.9897954 0.4553092 1.4419687 1.6017307 1.5248716 1.1572865 1.5893469 1.4162397 1.7460004 1.2199133 1.6584957 4.9022395 1.1688017 0.9636891 1.2213755 3.8559564 3.8559564 3.8559564 3.6464080 0.9042562 1.8016732 2.3995081 1.9982357 1.5647548 1.1513915 1.4039488 1.2205692 0.8486984 1.0533821 1.6311717 1.7604083 0.9793136 1.5615651 1.2459141 1.2469789 1.2455624 1.2230118 2.9037678 2.0167760 1.9928760 1.9380699 1.3879149 2.1196690 
Aque____XP_019853365.1_PREDICTED__histone-lysine_N-methyltransferase_PRDM9-like__Amphimedon_queenslandica_     2.0069593 2.6662245 1.7450700 2.0769238 2.0912688 1.6524132 4.4662537 5.4491001 8.8275719 4.2570782 1.9897954 0.0000000 2.3205683 3.5501363 2.1703894 2.0480379 2.0092663 2.7251563 2.5670417 2.5373597 1.2267317 1.7514014 8.9999988 2.0982628 1.3843513 2.4341470 4.0963651 4.0963651 4.0963651 3.9715116 1.9043114 2.1965361 2.6830185 6.5198337 5.5792449 8.9999981 5.5397168 9.0000000 9.0000000 8.9999982 1.5441576 1.9578255 1.6459157 1.8723144 1.5730047 1.4009156 1.2952949 1.0871878 1.9158543 1.7775340 2.0196387 1.7901829 1.6905683 1.7920373 
Hsap_____ENSG00000167232_ENST00000300619_ZNF91                                                                 1.3453197 1.5747805 0.7459989 1.0703207 0.9574999 1.7704179 1.9221821 2.1670181 2.0177750 2.4791232 0.4553092 2.3205683 0.0000000 1.5385815 1.3919595 1.4023401 1.2130686 1.6411983 1.3840993 1.6693039 1.2918416 1.4677630 1.7997244 1.0631796 0.8864780 1.1537553 1.9629136 1.9629136 1.9629136 1.9000131 0.8389328 1.5873909 2.5477382 2.0057836 1.6470237 0.9623380 1.4876084 1.0337658 1.1137926 1.1028449 1.6089217 1.5678473 1.0200855 1.7234747 1.0162828 1.0945011 1.2898865 1.2164944 3.2874336 2.5080729 2.1577256 1.6688491 1.8527417 2.2560078 
Oana____ENSOANG00000001330.3_ENSOANT00000002128.2_NA                                                           1.3720176 1.9660641 1.2284509 1.4087884 1.5197139 2.2391933 1.6672353 2.0332499 1.6581240 2.4602396 1.4419687 3.5501363 1.5385815 0.0000000 1.4894282 1.5586532 1.5305899 1.8572931 1.8998741 1.8458310 1.1261342 1.4000966 2.4291043 1.5841278 1.1256237 1.5157584 3.2054685 3.2054685 3.2054685 3.1358133 1.2266279 1.7225493 2.7569139 2.1910277 1.7192048 0.9788641 1.3493734 1.2381881 1.4600444 1.7654106 1.7270518 1.4383787 1.4078152 1.8590569 1.6480563 1.2507732 1.6306879 1.6453605 2.6272250 2.7409500 1.9690877 1.6542744 1.9640123 2.6159440 
Lvex____XP_007464660.1_PREDICTED__zinc_finger_protein_850-like__Lipotes_vexillifer_                            1.3474171 2.1694004 1.0807607 0.9219515 1.2953282 1.5445461 1.4060943 1.4498665 1.3509015 2.3566775 1.6017307 2.1703894 1.3919595 1.4894282 0.0000000 0.8762625 0.9799187 1.0816733 1.1218369 1.2748498 0.9714157 1.0092249 1.1081668 1.2708654 0.9654445 1.0815979 1.2922340 1.2922340 1.2922340 1.2864067 0.7888920 1.4609005 2.3313193 1.2292950 0.8934906 0.8331580 1.0360686 0.9655702 0.9785412 1.0174316 1.1246053 1.0253007 0.9896067 1.7548347 1.0925050 0.9590554 1.1818007 1.2699349 2.4152207 2.1391574 1.7581067 1.2474876 1.6049855 1.9907748 
Cpic____XP_008173996.2_zinc_finger_protein_850-like_isoform_X1__Chrysemys_picta_bellii_                        1.3659057 2.2336682 0.9963453 1.0299436 1.0897778 1.8461089 1.4394351 1.6529794 1.5808699 2.8493723 1.5248716 2.0480379 1.4023401 1.5586532 0.8762625 0.0000000 0.3395572 0.9374168 1.0333545 1.1634396 0.9004162 0.9561729 0.8608150 1.0469080 0.7337658 0.9585807 1.2726899 1.2694467 1.2709380 1.2671996 0.7396503 1.4621162 2.0971919 1.3178473 0.7688185 0.8187438 0.9361369 0.9559740 0.7996154 1.0812979 1.0636675 0.9388229 0.9768344 1.5763674 0.9303571 0.9466874 0.9770588 1.2941111 2.7788723 1.6474469 1.9061564 1.2789603 1.5809235 1.8958325 
Cmyd____XP_027682953.1_zinc_finger_protein_91-like__Chelonia_mydas_                                            1.3645435 1.8794839 0.9164029 1.0578598 1.1329498 1.6576458 1.4861306 1.7424276 1.3692604 2.0600333 1.1572865 2.0092663 1.2130686 1.5305899 0.9799187 0.3395572 0.0000000 0.9007556 0.9451972 1.0833477 0.9038877 1.0954297 1.0521779 1.0201791 0.9277525 0.9590204 2.0141088 2.0141088 2.0141088 1.9949131 0.7712268 1.5611185 1.9068077 1.2843047 0.7587384 0.7155433 0.9746616 1.0413190 0.7219553 1.0575876 1.0718438 1.0964772 0.9149297 1.5853749 0.9995181 1.0854531 0.9774117 1.2531653 2.2840633 1.6649622 1.8943370 1.3667802 1.8321711 1.7750920 
Npar____Npar_R005077                                                                                           1.4371417 2.3320663 1.0041858 1.2111663 1.1591919 1.8260480 1.6368063 1.6571249 1.3402740 2.0082913 1.5893469 2.7251563 1.6411983 1.8572931 1.0816733 0.9374168 0.9007556 0.0000000 1.0525660 1.0847073 0.9707952 1.3881815 1.3936387 1.2163672 0.9895709 1.0288315 1.3080825 1.3080825 1.3080825 1.2844783 0.9705709 1.3654952 2.1135194 1.0691559 0.9279340 0.8796649 1.0918308 0.8216194 0.9064295 1.4198166 1.4128219 1.1103312 1.1262746 1.6596069 1.1925590 1.3334856 0.9847097 1.4499295 2.5203710 2.0370441 1.6734927 1.2575963 1.8500185 2.0193331 
Lobl____XP_026953306.1_LOW_QUALITY_PROTEIN__zinc_finger_protein_551-like__Lagenorhynchus_obliquidens_          1.4742791 2.0004014 0.9524525 1.1660324 1.2765167 1.8969301 2.8672935 2.8919115 2.5057848 2.6602712 1.4162397 2.5670417 1.3840993 1.8998741 1.1218369 1.0333545 0.9451972 1.0525660 0.0000000 0.8059830 1.0787734 1.3102991 2.0185290 1.3572323 0.9673086 1.0182145 1.7194405 1.7194405 1.7194405 1.6935650 0.9210786 1.4575779 2.1964330 1.8553665 1.5702587 1.0431110 1.1786244 1.0831694 1.0629857 1.9047888 0.9570536 1.3683709 1.1006558 1.4769455 1.1972056 1.1798419 1.2875123 1.4515797 2.2235638 1.7567481 1.8543873 1.4829901 1.3327988 2.1746007 
Cfam____ENSCAFG00000029340.1_ENSCAFT00000044250.1_NA                                                           1.4025890 2.0041403 0.9084760 1.2748144 1.3243337 2.1089536 2.3714935 2.3838407 2.1235787 2.5806479 1.7460004 2.5373597 1.6693039 1.8458310 1.2748498 1.1634396 1.0833477 1.0847073 0.8059830 0.0000000 1.0430944 1.4730015 1.4809719 1.1031007 0.9940543 1.1870554 1.7149546 1.7149546 1.7149546 1.6898604 0.9676453 1.5538097 2.3029595 1.7170532 1.3929086 0.7224702 0.7918184 0.9744087 0.9553485 1.7688044 1.3397996 1.4933369 1.0694655 1.6432622 1.1684324 1.2120373 1.0749894 1.4142654 2.3615766 1.9973869 2.0870840 1.6512151 1.9400014 2.5750969 
Acar_____ENSACAG00000024132.1_ENSACAT00000028045.1_NA                                                          1.3343369 1.6441635 0.9774088 1.1275155 0.9199448 1.4024045 1.0707539 1.2548994 0.9301728 1.5906642 1.2199133 1.2267317 1.2918416 1.1261342 0.9714157 0.9004162 0.9038877 0.9707952 1.0787734 1.0430944 0.0000000 1.3014679 1.0172197 1.1518168 0.9159826 1.2688935 1.6076476 1.6076476 1.6076476 1.5818577 0.9377171 1.3957574 1.8648142 1.4406106 0.8822293 1.1145884 1.0265482 0.8725414 0.8582868 0.9960517 1.2242789 0.8833278 0.8142137 1.5235234 1.0578405 1.1506395 1.0213439 0.9647093 2.4880203 1.8988051 1.4075982 1.1221966 1.5495397 1.9944602 
Ggan____XP_019383814.1_PREDICTED__zinc_finger_protein_585A-like_isoform_X3__Gavialis_gangeticus_               1.6673248 2.5549049 1.0302879 1.0671128 1.0868613 2.0660358 1.7751131 2.2476228 1.8449631 3.5566751 1.6584957 1.7514014 1.4677630 1.4000966 1.0092249 0.9561729 1.0954297 1.3881815 1.3102991 1.4730015 1.3014679 0.0000000 0.7302210 0.7803805 0.6001157 1.0116606 1.0107552 1.0041403 1.0045012 1.0077926 0.7858274 1.2410042 1.8967075 1.2707979 1.0283954 0.8125521 0.9905426 0.8818537 0.8083547 1.4524604 1.4586301 1.3041567 1.0117015 1.6518445 1.0839322 1.0206609 1.2831470 1.5234010 2.9105312 2.2239074 1.5366070 1.4719457 2.1117716 2.5816120 
Mgal____ENSMGAG00000014488.2_ENSMGAT00000016293.2_NA                                                           2.5059104 3.4122128 0.8217376 1.1081012 1.2147829 2.9379565 1.8154665 1.6610472 1.3126787 4.0162835 4.9022395 8.9999988 1.7997244 2.4291043 1.1081668 0.8608150 1.0521779 1.3936387 2.0185290 1.4809719 1.0172197 0.7302210 0.0000000 0.7690281 0.7320363 0.8100272 1.0783342 1.0783342 1.0783342 1.0783342 0.8282604 1.5935632 2.8766814 1.2582883 0.7824828 0.8715407 0.9009846 0.9279915 0.8414045 1.2673272 0.9961833 1.1120116 1.7730603 1.1288219 1.0973094 0.9269592 0.9641401 1.3499096 0.4985179 3.3070364 2.4889270 1.3210202 1.5216052 2.5460039 
Ggal____ENSGALG00000046077_ENSGALT00000086909_NA                                                               1.4436002 2.0700134 1.1073534 1.0799022 1.3201316 1.6059909 1.1589823 1.5105489 1.4116169 3.0538552 1.1688017 2.0982628 1.0631796 1.5841278 1.2708654 1.0469080 1.0201791 1.2163672 1.3572323 1.1031007 1.1518168 0.7803805 0.7690281 0.0000000 0.9496081 1.0801758 1.4611768 1.4611768 1.4611768 1.4525181 0.9512513 1.5526216 2.0602859 1.5078733 1.0721163 1.0873900 0.9466855 1.0052982 1.0415244 1.1608501 1.0735465 1.2782966 0.9557545 1.3049012 1.3386378 1.0065593 0.9639748 1.5676909 1.7724405 1.4631369 1.5411013 1.5898314 1.4243293 2.0555898 
Amis____XP_019346850.1_PREDICTED__LOW_QUALITY_PROTEIN__zinc_finger_protein_850__Alligator_mississippiensis_    1.2269744 1.6706978 0.8557005 0.9776150 0.8435661 1.4091765 1.1396287 1.9022920 0.9455659 1.9811992 0.9636891 1.3843513 0.8864780 1.1256237 0.9654445 0.7337658 0.9277525 0.9895709 0.9673086 0.9940543 0.9159826 0.6001157 0.7320363 0.9496081 0.0000000 0.9769923 1.0656659 1.0671035 1.0632052 1.0604977 0.7234267 1.2422254 1.9735933 1.1688951 0.8708982 0.7774490 0.8794224 0.7984075 0.7307391 0.9826762 0.8976431 1.0967732 0.8916414 0.9660053 0.9637074 0.9407884 1.1199611 1.3499150 1.7489931 1.5328292 1.2279675 1.1858248 1.3756375 1.8530897 
Tgut____ENSTGUG00000017462.1_ENSTGUT00000018148.1_NA                                                           1.5390809 1.9958018 1.2689229 1.2378530 1.3141555 1.9489251 2.1209569 1.2161609 1.1871222 1.8181966 1.2213755 2.4341470 1.1537553 1.5157584 1.0815979 0.9585807 0.9590204 1.0288315 1.0182145 1.1870554 1.2688935 1.0116606 0.8100272 1.0801758 0.9769923 0.0000000 1.0649243 1.0622048 1.0624483 1.0429137 0.8747487 1.8481288 2.3732722 1.2088927 0.9098796 0.9579817 1.1178158 1.2655855 0.9390431 1.3186120 0.9471768 1.1401636 1.2484767 1.4903204 1.3333659 1.1051704 1.1700575 1.7189505 1.9968592 1.2638857 1.4155307 1.4383570 1.6157031 2.2793766 
Hsap_unidentified_Zinc_Protein                                                                                 5.4478873 1.4891152 1.8532342 1.2703949 1.3999651 2.0815134 0.0000010 0.0000010 9.0000000 8.9999983 3.8559564 4.0963651 1.9629136 3.2054685 1.2922340 1.2726899 2.0141088 1.3080825 1.7194405 1.7149546 1.6076476 1.0107552 1.0783342 1.4611768 1.0656659 1.0649243 0.0000000 0.0126493 0.0392284 0.0724395 1.0789120 1.6277732 2.0480601 1.3622132 1.1480156 1.0962779 1.2718916 1.3168489 1.1566964 1.4739842 1.2333063 1.7508807 1.4330834 1.7807252 1.5269567 1.2557948 1.5237285 1.8152934 9.0000000 0.0000010 9.0000000 1.6225051 2.2641898 3.2171700 
Ppan____XP_003824782.1_zinc_finger_protein_648__Pan_paniscus_                                                  5.4478873 1.4891152 1.8532342 1.2671334 1.3999651 2.0815134 0.0000010 0.0000010 9.0000000 8.9999983 3.8559564 4.0963651 1.9629136 3.2054685 1.2922340 1.2694467 2.0141088 1.3080825 1.7194405 1.7149546 1.6076476 1.0041403 1.0783342 1.4611768 1.0671035 1.0622048 0.0126493 0.0000000 0.0333184 0.0700346 1.0762264 1.6235861 2.0583106 1.3692314 1.1294314 1.0697107 1.2418972 1.3162159 1.1528112 1.4697437 1.2333063 1.7497194 1.3751420 1.8163678 1.5353382 1.2553488 1.5237285 1.8142689 9.0000000 0.0000010 9.0000000 1.6225051 2.2641898 3.2171700 
Nleu____XP_003264475.1_PREDICTED__zinc_finger_protein_648__Nomascus_leucogenys_                                5.4478873 1.4891152 1.8532342 1.2644940 1.3999651 2.0815134 0.0000010 0.0000010 9.0000000 8.9999983 3.8559564 4.0963651 1.9629136 3.2054685 1.2922340 1.2709380 2.0141088 1.3080825 1.7194405 1.7149546 1.6076476 1.0045012 1.0783342 1.4611768 1.0632052 1.0624483 0.0392284 0.0333184 0.0000000 0.0807210 1.0764872 1.6247071 2.0291645 1.3600722 1.1451975 1.0921700 1.2674911 1.3132368 1.1533306 1.4707315 1.2333063 1.7481443 1.4248605 1.7765595 1.5237258 1.2528927 1.5237285 1.8196315 9.0000000 0.0000010 9.0000000 1.6225051 2.2641898 3.2171700 
Mleu____XP_011858019.1_PREDICTED__zinc_finger_protein_648__Mandrillus_leucophaeus_                             5.4478873 1.4891152 1.8382471 1.2608687 1.3866991 2.0815134 0.0000010 0.0000010 9.0000000 8.9999982 3.6464080 3.9715116 1.9000131 3.1358133 1.2864067 1.2671996 1.9949131 1.2844783 1.6935650 1.6898604 1.5818577 1.0077926 1.0783342 1.4525181 1.0604977 1.0429137 0.0724395 0.0700346 0.0807210 0.0000000 1.0700615 1.6384986 2.0389277 1.3572195 1.1484512 1.0968883 1.2697132 1.3150597 1.1609449 1.4677149 1.2158285 1.7452532 1.4206454 1.7748681 1.5277816 1.2602074 1.5161908 1.8355044 9.0000000 0.0000010 9.0000000 1.6173810 2.2641898 3.2171700 
Mdom____ENSMODG00000019988.3_ENSMODT00000025384.2_NA                                                           1.1672980 1.5988069 0.8414536 0.8975190 0.9900207 1.6088933 1.7179751 0.9479922 0.9402473 1.7671262 0.9042562 1.9043114 0.8389328 1.2266279 0.7888920 0.7396503 0.7712268 0.9705709 0.9210786 0.9676453 0.9377171 0.7858274 0.8282604 0.9512513 0.7234267 0.8747487 1.0789120 1.0762264 1.0764872 1.0700615 0.0000000 1.1070849 2.0562796 1.2415587 0.7840197 0.6960213 0.9573073 0.8564938 0.7178185 0.9327890 0.8196763 1.0389446 1.1901829 1.1058154 1.0049885 0.8418961 1.0945806 1.2827872 1.7201448 1.6858609 1.2370561 1.2985787 1.1254167 2.2564663 
Onil____ENSONIG00000000414.1_ENSONIT00000000525.1_NA                                                           1.6147492 2.7176720 1.7974409 1.6261931 1.6751783 1.9190026 2.1450983 1.3610081 1.6517737 2.0847224 1.8016732 2.1965361 1.5873909 1.7225493 1.4609005 1.4621162 1.5611185 1.3654952 1.4575779 1.5538097 1.3957574 1.2410042 1.5935632 1.5526216 1.2422254 1.8481288 1.6277732 1.6235861 1.6247071 1.6384986 1.1070849 0.0000000 2.7199707 1.9324647 1.5221419 1.2881094 1.1971651 1.1390391 1.5525821 1.7523783 1.7691317 2.0686269 1.9408160 1.5381822 1.6681779 1.6389826 1.2625596 1.6538230 2.6067187 2.7680252 1.9329981 1.8202323 1.9881228 2.7661490 
Spur____XP_011679864.1_PREDICTED__zinc_finger_protein_Xfin-like__Strongylocentrotus_purpuratus_                2.1120497 3.1147425 2.0987215 2.3749158 2.6170408 2.5220468 5.0873420 2.5744736 3.3882470 3.4122405 2.3995081 2.6830185 2.5477382 2.7569139 2.3313193 2.0971919 1.9068077 2.1135194 2.1964330 2.3029595 1.8648142 1.8967075 2.8766814 2.0602859 1.9735933 2.3732722 2.0480601 2.0583106 2.0291645 2.0389277 2.0562796 2.7199707 0.0000000 2.7010496 2.3689224 1.9488052 2.0324359 1.9084963 2.2561531 2.4028529 2.6503170 2.8762099 2.6174963 2.3604258 2.5011900 2.1946757 2.2503529 2.1266149 2.0098822 2.0079089 2.7389150 2.2792499 2.5471578 3.2896521 
Cmil____SINCAMG00000013599_SINCAMT00000021158_NA                                                               1.2020678 1.7684081 1.5738076 1.7595152 1.4367677 2.8359326 3.3947363 1.5679170 1.4495362 1.6324324 1.9982357 6.5198337 2.0057836 2.1910277 1.2292950 1.3178473 1.2843047 1.0691559 1.8553665 1.7170532 1.4406106 1.2707979 1.2582883 1.5078733 1.1688951 1.2088927 1.3622132 1.3692314 1.3600722 1.3572195 1.2415587 1.9324647 2.7010496 0.0000000 0.9313410 0.9451052 0.9478916 1.4579602 1.3348884 1.8508190 1.4155812 1.3966472 3.4213254 1.8971364 1.6610847 1.3161444 1.1956823 1.9151636 2.5671428 4.0155680 1.8810878 1.6350465 1.9966156 3.1014918 
Cpun____Chipu0017417_Chipu0017417.t1_NA                                                                        1.0110945 1.2722556 1.3603428 1.3277217 1.3744220 2.8331727 2.9390857 1.6090032 1.4240982 1.4999830 1.5647548 5.5792449 1.6470237 1.7192048 0.8934906 0.7688185 0.7587384 0.9279340 1.5702587 1.3929086 0.8822293 1.0283954 0.7824828 1.0721163 0.8708982 0.9098796 1.1480156 1.1294314 1.1451975 1.1484512 0.7840197 1.5221419 2.3689224 0.9313410 0.0000000 0.6335689 0.7567730 0.9291747 0.9742791 1.3390076 1.0955566 1.3397994 2.1883190 1.2616170 1.1451735 0.9286352 1.3206819 1.3457922 1.9443625 3.3410842 2.3420085 1.5323109 2.2760467 2.3404861 
Rtyp____Rhity0022433_Rhity0022433.t1_NA                                                                        1.1684004 1.8815534 1.2425431 1.2516197 1.3194850 1.6552392 4.4491938 1.3251690 0.8029045 0.8675798 1.1513915 8.9999981 0.9623380 0.9788641 0.8331580 0.8187438 0.7155433 0.8796649 1.0431110 0.7224702 1.1145884 0.8125521 0.8715407 1.0873900 0.7774490 0.9579817 1.0962779 1.0697107 1.0921700 1.0968883 0.6960213 1.2881094 1.9488052 0.9451052 0.6335689 0.0000000 0.6221888 0.9365994 0.9616094 1.1165683 1.0396641 1.4610299 1.7606482 1.1224203 1.2218163 1.1292459 1.0186332 1.4740072 1.4782730 1.4889307 1.3568341 0.9752459 2.2052782 2.0107249 
Stor____Scyto0017248_Scyto0017248.t1_NA                                                                        1.2123362 1.6467251 1.2420042 1.2662227 1.4285400 1.5733535 4.2700002 1.9961886 1.1729412 1.0648205 1.4039488 5.5397168 1.4876084 1.3493734 1.0360686 0.9361369 0.9746616 1.0918308 1.1786244 0.7918184 1.0265482 0.9905426 0.9009846 0.9466855 0.8794224 1.1178158 1.2718916 1.2418972 1.2674911 1.2697132 0.9573073 1.1971651 2.0324359 0.9478916 0.7567730 0.6221888 0.0000000 0.8330904 0.9555714 1.3500452 1.3877178 1.5609192 1.3377704 1.0761766 1.1026042 1.2498637 0.8456847 1.2917974 0.5640433 0.6403256 1.5119968 1.1015644 2.2901400 1.8404764 
Xtro____ENSXETG00000007273_ENSXETT00000015810_NA                                                               1.4737773 1.7170697 1.0645598 1.2076523 1.1306446 1.4685024 1.4217541 6.0156437 2.6001728 1.1068421 1.2205692 9.0000000 1.0337658 1.2381881 0.9655702 0.9559740 1.0413190 0.8216194 1.0831694 0.9744087 0.8725414 0.8818537 0.9279915 1.0052982 0.7984075 1.2655855 1.3168489 1.3162159 1.3132368 1.3150597 0.8564938 1.1390391 1.9084963 1.4579602 0.9291747 0.9365994 0.8330904 0.0000000 0.8664471 1.1773464 1.0233946 1.2060725 0.9931373 1.0564218 1.1168681 1.0326858 1.2658912 1.1672146 1.5636613 1.7148597 1.5256919 1.5159326 1.1390245 1.7216167 
Psin____ENSPSIG00000008115.1_ENSPSIT00000008952.1_NA                                                           1.2764669 1.5580379 0.9939415 1.1248735 1.1730478 1.3337244 0.7761621 8.9999981 1.5073229 1.1220797 0.8486984 9.0000000 1.1137926 1.4600444 0.9785412 0.7996154 0.7219553 0.9064295 1.0629857 0.9553485 0.8582868 0.8083547 0.8414045 1.0415244 0.7307391 0.9390431 1.1566964 1.1528112 1.1533306 1.1609449 0.7178185 1.5525821 2.2561531 1.3348884 0.9742791 0.9616094 0.9555714 0.8664471 0.0000000 1.1267695 1.0104964 1.0717467 1.1070236 1.2879589 1.1153804 1.0364787 1.0346503 1.3377660 3.6292657 1.6226217 1.4593118 1.3207668 0.8882224 1.8015260 
Dnov____ENSDNOG00000034351.1_ENSDNOT00000040980.1_NA                                                           1.4793068 1.3923622 0.9190864 1.2426499 1.0734122 2.2475740 4.0304129 2.0250212 1.9651368 2.5061507 1.0533821 8.9999982 1.1028449 1.7654106 1.0174316 1.0812979 1.0575876 1.4198166 1.9047888 1.7688044 0.9960517 1.4524604 1.2673272 1.1608501 0.9826762 1.3186120 1.4739842 1.4697437 1.4707315 1.4677149 0.9327890 1.7523783 2.4028529 1.8508190 1.3390076 1.1165683 1.3500452 1.1773464 1.1267695 0.0000000 0.9861052 1.8234775 1.7346866 1.1448311 1.0594981 1.0558429 1.2319697 1.4235760 6.2263956 7.6622540 4.5270890 1.4554197 1.8120579 2.1432925 
Cpor____XP_019401986.1_PREDICTED__zinc_finger_protein_271-like_isoform_X4__Crocodylus_porosus_                 1.8098779 2.3622137 1.1456537 1.2747756 1.2443625 2.5114589 3.2834374 3.5918598 3.7151922 3.5940136 1.6311717 1.5441576 1.6089217 1.7270518 1.1246053 1.0636675 1.0718438 1.4128219 0.9570536 1.3397996 1.2242789 1.4586301 0.9961833 1.0735465 0.8976431 0.9471768 1.2333063 1.2333063 1.2333063 1.2158285 0.8196763 1.7691317 2.6503170 1.4155812 1.0955566 1.0396641 1.3877178 1.0233946 1.0104964 0.9861052 0.0000000 1.0171421 0.7889385 1.6914104 1.0607728 0.9573606 1.3059280 1.4051306 3.3744120 1.6902709 2.1262286 1.6692920 1.7850241 2.7285692 
Tcar____XP_026517060.1_LOW_QUALITY_PROTEIN__zinc_finger_protein_850-like__Terrapene_mexicana_triunguis_        1.7925891 2.4490972 1.3172120 1.1788306 1.2082270 1.9977678 1.5152459 1.3094568 1.2567762 2.3669703 1.7604083 1.9578255 1.5678473 1.4383787 1.0253007 0.9388229 1.0964772 1.1103312 1.3683709 1.4933369 0.8833278 1.3041567 1.1120116 1.2782966 1.0967732 1.1401636 1.7508807 1.7497194 1.7481443 1.7452532 1.0389446 2.0686269 2.8762099 1.3966472 1.3397994 1.4610299 1.5609192 1.2060725 1.0717467 1.8234775 1.0171421 0.0000000 1.6395386 1.7855877 1.1712900 1.1412834 1.1352106 1.6042926 2.8877147 2.2544054 1.7814052 1.3907207 1.7910146 2.4313954 
Lcha_____ENSLACG00000002227_ENSLACT00000002515_NA                                                              1.6592905 1.5726890 0.8515859 1.0562568 1.0322861 1.8114883 2.4523469 2.0912231 1.7771951 3.1258210 0.9793136 1.6459157 1.0200855 1.4078152 0.9896067 0.9768344 0.9149297 1.1262746 1.1006558 1.0694655 0.8142137 1.0117015 1.7730603 0.9557545 0.8916414 1.2484767 1.4330834 1.3751420 1.4248605 1.4206454 1.1901829 1.9408160 2.6174963 3.4213254 2.1883190 1.7606482 1.3377704 0.9931373 1.1070236 1.7346866 0.7889385 1.6395386 0.0000000 1.1727926 0.9341053 1.0526895 0.9363930 1.1212926 2.5991343 1.9006839 1.4939352 1.3484097 1.2569478 1.8129136 
Ebur____ENSEBUG00000014739_ENSEBUT00000024496_NA                                                               1.4652078 1.9689423 1.2410651 1.5725125 1.7449571 2.3764193 3.9924950 2.9968333 2.6443392 3.2689849 1.5615651 1.8723144 1.7234747 1.8590569 1.7548347 1.5763674 1.5853749 1.6596069 1.4769455 1.6432622 1.5235234 1.6518445 1.1288219 1.3049012 0.9660053 1.4903204 1.7807252 1.8163678 1.7765595 1.7748681 1.1058154 1.5381822 2.3604258 1.8971364 1.2616170 1.1224203 1.0761766 1.0564218 1.2879589 1.1448311 1.6914104 1.7855877 1.1727926 0.0000000 1.3640220 1.4391290 1.8704464 1.6431023 3.9735470 2.2045682 2.7013706 2.1430463 2.2334984 2.8408807 
Pann____TRINITY_DN956_c0_g4_TRINITY_DN956_c0_g4_i1_sp                                                          1.8246105 2.0877979 1.0820031 1.2093909 1.2769663 1.9037556 2.0367294 1.4505187 1.6166600 3.0553842 1.2459141 1.5730047 1.0162828 1.6480563 1.0925050 0.9303571 0.9995181 1.1925590 1.1972056 1.1684324 1.0578405 1.0839322 1.0973094 1.3386378 0.9637074 1.3333659 1.5269567 1.5353382 1.5237258 1.5277816 1.0049885 1.6681779 2.5011900 1.6610847 1.1451735 1.2218163 1.1026042 1.1168681 1.1153804 1.0594981 1.0607728 1.1712900 0.9341053 1.3640220 0.0000000 1.1286607 1.3637155 1.3751750 2.3438381 2.3702167 1.5791625 1.4860210 1.3321607 1.6174589 
Lafr_____ENSLAFG00000031653.1_ENSLAFT00000025396.1_NA                                                          1.7211425 1.9040636 1.0879360 1.1315704 1.2864190 1.5871181 2.5324699 1.9514905 2.4595568 2.8624553 1.2469789 1.4009156 1.0945011 1.2507732 0.9590554 0.9466874 1.0854531 1.3334856 1.1798419 1.2120373 1.1506395 1.0206609 0.9269592 1.0065593 0.9407884 1.1051704 1.2557948 1.2553488 1.2528927 1.2602074 0.8418961 1.6389826 2.1946757 1.3161444 0.9286352 1.1292459 1.2498637 1.0326858 1.0364787 1.0558429 0.9573606 1.1412834 1.0526895 1.4391290 1.1286607 0.0000000 1.2889722 1.3331453 2.1715735 1.7921762 1.5958871 1.2693499 1.3200308 2.0718085 
Locu____ENSLOCG00000000549_ENSLOCT00000000645_NA                                                               1.5182149 1.9355808 1.3178467 1.1871814 1.2041103 1.4409108 1.3729576 1.1167195 1.1920838 2.3683887 1.2455624 1.2952949 1.2898865 1.6306879 1.1818007 0.9770588 0.9774117 0.9847097 1.2875123 1.0749894 1.0213439 1.2831470 0.9641401 0.9639748 1.1199611 1.1700575 1.5237285 1.5237285 1.5237285 1.5161908 1.0945806 1.2625596 2.2503529 1.1956823 1.3206819 1.0186332 0.8456847 1.2658912 1.0346503 1.2319697 1.3059280 1.1352106 0.9363930 1.8704464 1.3637155 1.2889722 0.0000000 1.0677741 1.2967800 1.5364590 1.2710401 1.2114438 1.5553429 1.7132661 
Bbel_____236810F_236810F.t2_ZNF208                                                                             1.6178040 1.8470733 1.4182161 1.4365598 1.3857778 1.1907696 1.2359420 1.4257360 1.9303998 2.1881296 1.2230118 1.0871878 1.2164944 1.6453605 1.2699349 1.2941111 1.2531653 1.4499295 1.4515797 1.4142654 0.9647093 1.5234010 1.3499096 1.5676909 1.3499150 1.7189505 1.8152934 1.8142689 1.8196315 1.8355044 1.2827872 1.6538230 2.1266149 1.9151636 1.3457922 1.4740072 1.2917974 1.1672146 1.3377660 1.4235760 1.4051306 1.6042926 1.1212926 1.6431023 1.3751750 1.3331453 1.0677741 0.0000000 1.7047969 1.3440093 1.1441993 1.4165315 1.4115992 1.8869744 
Tcas____XP_001809581.2_PREDICTED__zinc_finger_protein_570__Tribolium_castaneum_                                1.8176201 2.4417905 1.9826377 2.3436394 2.7239341 2.1847861 2.1165738 2.2890328 2.2251199 2.0103983 2.9037678 1.9158543 3.2874336 2.6272250 2.4152207 2.7788723 2.2840633 2.5203710 2.2235638 2.3615766 2.4880203 2.9105312 0.4985179 1.7724405 1.7489931 1.9968592 9.0000000 9.0000000 9.0000000 9.0000000 1.7201448 2.6067187 2.0098822 2.5671428 1.9443625 1.4782730 0.5640433 1.5636613 3.6292657 6.2263956 3.3744120 2.8877147 2.5991343 3.9735470 2.3438381 2.1715735 1.2967800 1.7047969 0.0000000 1.8079477 1.9905600 2.3779898 2.7372026 3.8151198 
Ctel____ELU14817.1_hypothetical_protein_CAPTEDRAFT_208200__Capitella_teleta_                                   2.1881306 2.0598725 1.8651035 1.8884417 2.3039711 2.6348783 2.8620092 2.2792534 1.9651175 2.0138806 2.0167760 1.7775340 2.5080729 2.7409500 2.1391574 1.6474469 1.6649622 2.0370441 1.7567481 1.9973869 1.8988051 2.2239074 3.3070364 1.4631369 1.5328292 1.2638857 0.0000010 0.0000010 0.0000010 0.0000010 1.6858609 2.7680252 2.0079089 4.0155680 3.3410842 1.4889307 0.6403256 1.7148597 1.6226217 7.6622540 1.6902709 2.2544054 1.9006839 2.2045682 2.3702167 1.7921762 1.5364590 1.3440093 1.8079477 0.0000000 0.9447154 1.5316201 1.7919804 1.9406819 
Lgig_____XP_009062376.1_hypothetical_protein_LOTGIDRAFT_194528__partial__Lottia_gigantea_                      1.8138199 1.9510154 1.2933325 1.2673149 1.5901792 2.0092089 1.0576653 1.1507791 1.1050138 2.2006559 1.9928760 2.0196387 2.1577256 1.9690877 1.7581067 1.9061564 1.8943370 1.6734927 1.8543873 2.0870840 1.4075982 1.5366070 2.4889270 1.5411013 1.2279675 1.4155307 9.0000000 9.0000000 9.0000000 9.0000000 1.2370561 1.9329981 2.7389150 1.8810878 2.3420085 1.3568341 1.5119968 1.5256919 1.4593118 4.5270890 2.1262286 1.7814052 1.4939352 2.7013706 1.5791625 1.5958871 1.2710401 1.1441993 1.9905600 0.9447154 0.0000000 1.1903712 2.1540195 2.2627292 
Pmar____PMZ_0036629_PMZ_0036629-RA_ZNF729                                                                      1.6236501 2.4004977 1.6021275 1.4143785 1.5925299 1.8801318 1.1995426 1.5073768 0.9211307 2.3803108 1.9380699 1.7901829 1.6688491 1.6542744 1.2474876 1.2789603 1.3667802 1.2575963 1.4829901 1.6512151 1.1221966 1.4719457 1.3210202 1.5898314 1.1858248 1.4383570 1.6225051 1.6225051 1.6225051 1.6173810 1.2985787 1.8202323 2.2792499 1.6350465 1.5323109 0.9752459 1.1015644 1.5159326 1.3207668 1.4554197 1.6692920 1.3907207 1.3484097 2.1430463 1.4860210 1.2693499 1.2114438 1.4165315 2.3779898 1.5316201 1.1903712 0.0000000 1.9832479 2.6648885 
Neug____ENSMEUG00000004629.1_ENSMEUT00000004633.1_NA                                                           1.4725129 1.6359961 1.5839034 1.4296660 1.2797524 2.4649371 5.9353260 5.2371619 6.6930376 2.9439690 1.3879149 1.6905683 1.8527417 1.9640123 1.6049855 1.5809235 1.8321711 1.8500185 1.3327988 1.9400014 1.5495397 2.1117716 1.5216052 1.4243293 1.3756375 1.6157031 2.2641898 2.2641898 2.2641898 2.2641898 1.1254167 1.9881228 2.5471578 1.9966156 2.2760467 2.2052782 2.2901400 1.1390245 0.8882224 1.8120579 1.7850241 1.7910146 1.2569478 2.2334984 1.3321607 1.3200308 1.5553429 1.4115992 2.7372026 1.7919804 2.1540195 1.9832479 0.0000000 2.0914152 
Drer____ENSDARG00000074544.5_ENSDART00000115172.4_znf1007                                                      2.1799233 2.1559546 2.1322801 1.8391278 1.7613414 2.8474861 2.9668101 2.7157427 3.5419301 2.8722358 2.1196690 1.7920373 2.2560078 2.6159440 1.9907748 1.8958325 1.7750920 2.0193331 2.1746007 2.5750969 1.9944602 2.5816120 2.5460039 2.0555898 1.8530897 2.2793766 3.2171700 3.2171700 3.2171700 3.2171700 2.2564663 2.7661490 3.2896521 3.1014918 2.3404861 2.0107249 1.8404764 1.7216167 1.8015260 2.1432925 2.7285692 2.4313954 1.8129136 2.8408807 1.6174589 2.0718085 1.7132661 1.8869744 3.8151198 1.9406819 2.2627292 2.6648885 2.0914152 0.0000000 
