93
Hsap_unidentified_Zinc_Protein                                                                                 0.0000000 1.9439268 2.0537138 0.2161675 1.9178176 1.7594533 1.9448985 1.6491385 1.9549564 2.0041493 2.0420854 2.0350110 2.0070785 2.0128781 1.8007340 2.3165474 2.0464788 2.0766057 2.1219802 1.9790421 2.0852749 2.7561393 1.9389238 0.0166722 1.9407731 1.8577334 1.9358462 1.9253769 1.9427666 0.0000010 2.2594974 2.1045412 2.4901712 1.7217319 1.9623003 2.0220098 1.7628418 2.0391023 0.0458116 0.0133378 1.8645087 1.9872436 1.7533498 1.6479993 2.1415627 2.3944711 1.9962000 0.0821547 2.1134137 2.2168893 1.8764329 1.9270673 1.9053961 2.3100548 2.1905213 2.0265666 1.6565288 2.3896426 2.1144359 2.2844831 1.8794263 2.2343089 2.0959051 2.1585195 2.0830918 2.0547593 2.2038559 2.5187194 2.0037385 2.0693547 1.8316748 2.2524846 2.3621800 2.4187994 2.1265162 1.7157877 1.9771102 1.8470631 2.0522358 1.9895218 1.9888540 2.5041120 2.3212297 2.3654679 2.2711220 2.1672204 2.4738808 2.0130452 1.9325627 2.1170406 1.8896536 1.9080417 2.0529087 
Hsap_____ENSG00000167232_ENST00000300619_ZNF91                                                                 1.9439268 0.0000000 0.9659323 1.8824239 0.8139023 0.3092457 0.5210270 0.4929953 0.6352124 0.7293481 0.8312291 0.8966294 0.3650894 0.7956747 0.9152796 0.9578712 0.3524379 0.8311660 1.0979524 0.8390606 0.9142411 1.2249978 0.9451552 1.9573686 0.6050653 0.4893842 0.5364923 0.5182894 0.7915384 1.9439268 0.7968551 0.3491443 1.2373855 0.6601814 0.8478473 0.9450412 0.9679439 0.9745483 2.1931532 1.9444399 0.9809487 0.7515223 0.6472446 0.5408471 1.0151283 0.8700563 0.7571937 2.0331123 0.6751350 0.8489306 0.8328898 0.7436200 0.6668212 0.9621377 1.0157344 0.7918109 0.6152442 1.4765433 0.8392804 0.6688021 0.6328663 0.3206949 0.8279419 0.8729339 1.0930512 0.9470615 0.9031843 0.9158704 0.6346976 0.9103584 0.9277749 0.9948290 0.9638243 0.9778649 0.3547860 0.6792156 0.8516577 0.6468997 0.7873307 0.7361142 0.6918297 0.9851501 0.9133805 0.9711289 1.2232911 0.3825532 1.2594211 0.8084747 0.6652678 0.7314619 0.4961631 0.6458655 0.9234180 
Amis____XP_019334238.1_PREDICTED__zinc_finger_protein_850__Alligator_mississippiensis_                         2.0537138 0.9659323 0.0000000 1.9398000 0.9793002 0.8834956 0.8478932 0.7660314 0.8575060 0.7255736 0.8085747 0.8699142 0.9592283 0.8085706 0.9300679 1.0972689 0.9553332 0.9220357 0.9177301 0.7625448 0.8877921 1.2281364 1.0587113 2.0825471 0.9027359 0.8431693 0.8818477 0.9313604 1.0161875 2.0537138 0.9496986 1.0857131 1.1987061 0.7642219 0.8424171 0.9016891 0.9070413 0.9121657 2.1760231 2.0441624 0.8664968 0.6804994 0.8024544 0.8130415 1.1329418 1.0137816 1.2167201 2.0472495 1.0638964 0.8778191 0.9049360 0.4507418 0.7164282 0.9151588 1.1156245 1.2439708 0.8550607 1.2131490 0.9144342 1.0064560 0.4921098 1.0141709 0.8848755 0.9761092 1.1879265 1.0224457 1.0424929 1.5506995 0.8373189 0.9432279 1.0484034 1.0731229 1.1047763 1.0647973 1.0035323 0.8195169 0.7209830 0.9421041 0.6375706 0.8820275 0.9578539 1.4477754 1.1739254 1.0718638 1.2250879 1.1251851 1.1228279 0.8996360 0.9573255 0.9508346 0.8800364 0.8409661 1.0050262 
Cfam____ENSCAFG00000024596.1_ENSCAFT00000037938.1_ZNF648                                                       0.2161675 1.8824239 1.9398000 0.0000000 1.7364651 1.7137792 1.9625908 1.6349255 1.9120568 1.8357834 1.9097670 1.9979089 1.9115530 1.9440829 1.8103816 2.2548597 1.9157824 1.9990286 2.0992340 1.9235532 1.9505831 2.6456265 2.0090561 0.2176307 1.9210903 1.7821505 1.8371365 1.8423510 1.8160065 0.2161675 2.1289268 2.0520698 2.4176352 1.7242217 1.9468738 1.9920707 1.7699624 1.8751906 0.2382872 0.1976824 1.8591087 1.9489018 1.7241792 1.6093079 2.1043789 2.1867174 2.0373207 0.2491179 2.0228661 2.1578723 1.7857745 1.8500766 1.8466560 2.3801612 2.1581330 1.9858861 1.6557422 2.2242986 1.9761231 2.3764586 1.8356980 2.1932126 2.1176883 2.1239964 2.1178365 1.9459435 2.0285940 2.2820594 1.9718523 2.1208675 1.9099006 2.1471955 2.2756143 2.2720294 2.0456130 1.7183077 1.8778394 1.7370871 1.8912402 1.9522310 1.9542371 2.4604922 2.1298811 2.2181634 2.3065807 2.1355469 2.4655560 1.9805545 1.8564304 2.0881622 1.7726711 1.9705445 2.0069129 
Cmyd____XP_027687603.1_zinc_finger_protein_91-like__Chelonia_mydas_                                            1.9178176 0.8139023 0.9793002 1.7364651 0.0000000 0.7803397 0.7158329 0.7520037 0.7895889 0.6531324 0.6590852 0.7494593 0.7943460 0.6543098 0.7421349 0.9043711 0.9661114 0.6934964 0.9412877 0.6826367 0.8434340 1.2696027 0.8210961 1.9184106 0.7469411 0.7380704 0.7541977 0.7697929 0.7393551 1.9178176 0.8552988 0.9302687 1.2819222 0.6412818 0.7795486 0.7960308 0.8098000 0.8403887 2.0380616 1.9129177 0.8776113 0.6367672 0.7713495 0.7976967 0.7923420 0.8505839 0.8136080 1.9734882 0.9277328 0.7322356 0.6956614 0.6923467 0.6859423 1.0771405 1.0103735 0.8369092 0.7568129 1.4453679 0.7045382 0.8215158 0.6652143 0.9126587 0.7403095 0.8578551 1.1645941 0.8293402 0.7503238 1.0378545 0.7977881 0.8265273 0.7678868 0.9393573 0.7346199 0.8450202 0.9529340 0.6659584 0.7438424 0.8261450 0.6387682 0.7327389 0.8514953 1.1089467 1.1652581 0.8787036 1.1492884 0.9349404 1.1942858 0.7160614 0.8205316 0.5998775 0.7894819 0.7055496 1.0297563 
Nleu____XP_012364870.1_PREDICTED__LOW_QUALITY_PROTEIN__zinc_finger_protein_208-like__Nomascus_leucogenys_      1.7594533 0.3092457 0.8834956 1.7137792 0.7803397 0.0000000 0.5006753 0.4664218 0.5649507 0.6039653 0.7042224 0.8529785 0.3360269 0.6431961 0.8677944 0.8909486 0.3160797 0.7156229 0.9876790 0.7574682 0.8471706 1.0843274 0.8285639 1.7711170 0.5336265 0.4922765 0.5016645 0.4800914 0.7526497 1.7594533 0.7250121 0.3288222 1.1038918 0.5774208 0.8461445 0.8229689 0.9300908 0.8891976 1.9534263 1.7596381 0.8257556 0.7319841 0.5778741 0.4887061 0.8816028 0.7674765 0.6939472 1.8508885 0.6834260 0.7358023 0.7446731 0.6694002 0.6285564 0.8412598 0.9739743 0.6869290 0.5579201 1.3278978 0.7905025 0.5865871 0.5878586 0.3619288 0.7434059 0.8627874 1.0020249 0.8584301 0.8663735 0.8495109 0.5759586 0.8089100 0.8529969 0.9501147 0.8776792 0.8790919 0.3152920 0.5970056 0.7630546 0.6436296 0.6831330 0.7240940 0.5812117 1.0338009 0.8125375 0.8982445 1.1146801 0.3343776 1.1440000 0.7551917 0.6288029 0.6799231 0.4625853 0.5377381 0.8592515 
Ecab____XP_023507076.1_zinc_finger_protein_420_isoform_X12__Equus_caballus_                                    1.9448985 0.5210270 0.8478932 1.9625908 0.7158329 0.5006753 0.0000000 0.4697714 0.5885507 0.6229770 0.7630853 0.7469621 0.5727043 0.6579702 0.7816125 0.8992746 0.6062511 0.7535732 1.0275992 0.6834493 0.7083273 1.1651042 0.8868878 1.9450413 0.5019696 0.3367255 0.3061009 0.4201334 0.7240094 1.9448985 0.7731549 0.5859544 1.1799506 0.5337224 0.6677801 0.8726252 0.6985265 0.7314241 2.0520984 1.9454494 0.6562564 0.6329645 0.4833612 0.5642825 0.8765274 0.7782060 0.7901023 2.0097562 0.5295299 0.7725397 0.7078100 0.6122619 0.6260809 0.8556867 1.0315956 0.8119288 0.5319702 1.3895745 0.7266773 0.5761683 0.5884079 0.6487831 0.8131662 0.8293355 0.8217976 0.8216919 0.8551412 0.9593347 0.6538521 0.7798565 0.8632832 0.8911841 0.8950210 0.7087190 0.6401995 0.5346922 0.6505270 0.6249987 0.6875997 0.4638353 0.5503442 0.9054776 0.8141115 0.8811612 0.8961674 0.6030951 1.3117488 0.6593187 0.5380270 0.6531820 0.3810415 0.5050367 0.7381891 
Ecab____XP_023505182.1_zinc_finger_protein_845__Equus_caballus_                                                1.6491385 0.4929953 0.7660314 1.6349255 0.7520037 0.4664218 0.4697714 0.0000000 0.5488166 0.5784355 0.7035893 0.6971448 0.5509541 0.6399788 0.7861540 0.7953335 0.5402734 0.6750408 0.8964832 0.6967824 0.6647405 1.1880617 0.8107642 1.6538717 0.5218550 0.4529568 0.4410883 0.4463908 0.6631667 1.6491385 0.6502494 0.5833602 1.1681992 0.5424200 0.7264383 0.8305153 0.7713636 0.7883745 1.7691478 1.6491394 0.7069155 0.5852015 0.5359320 0.3984338 0.8340181 0.8085651 0.7660727 1.7067425 0.6371827 0.7568755 0.6675034 0.5973908 0.5600547 0.7069332 0.9115144 0.8383367 0.5003383 1.2056993 0.6557178 0.5226910 0.5672743 0.5957915 0.7283498 0.7126931 0.8937290 0.7738309 0.7551846 0.9676841 0.5562092 0.7635950 0.8080429 0.9177921 0.8593266 0.8108403 0.5922732 0.5535953 0.6965454 0.6916853 0.6273640 0.5896222 0.5654084 0.9350192 0.8097601 0.8781839 0.9414651 0.5720831 1.0723135 0.6572784 0.5381441 0.6235166 0.4299572 0.5051035 0.7930580 
Ecab____XP_023477056.1_zinc_finger_protein_850__Equus_caballus_                                                1.9549564 0.6352124 0.8575060 1.9120568 0.7895889 0.5649507 0.5885507 0.5488166 0.0000000 0.6038517 0.7399968 0.7435491 0.6617126 0.6555637 0.8385533 0.9372973 0.7124342 0.7871976 0.9903183 0.6646798 0.7713749 1.2137258 0.9207133 1.9597927 0.5326469 0.6007129 0.5278480 0.5652577 0.8124434 1.9549564 0.7228483 0.6763555 1.2902197 0.5862954 0.7558745 0.7690678 0.7936751 0.7992903 2.0591803 1.9599945 0.7531610 0.6574498 0.5814702 0.5778579 0.8528732 0.8487144 0.8354832 1.9875843 0.7888997 0.7693754 0.6970637 0.6610411 0.6482675 0.9084759 1.0690776 0.8341264 0.5644179 1.4080747 0.7318185 0.6582688 0.6351066 0.7231140 0.8347182 0.8914861 0.9295950 0.7597829 0.8169803 1.0062503 0.0760244 0.8594516 0.9309519 0.9573442 0.9329007 0.8657439 0.7093004 0.6019929 0.6702999 0.7581322 0.7144642 0.6699007 0.6088517 1.0503749 0.8400138 0.9431219 1.0836940 0.7379523 1.2086538 0.7318270 0.7361162 0.5982913 0.5606274 0.5500313 0.8533751 
Cpic____XP_008173996.2_zinc_finger_protein_850-like_isoform_X1__Chrysemys_picta_bellii_                        2.0041493 0.7293481 0.7255736 1.8357834 0.6531324 0.6039653 0.6229770 0.5784355 0.6038517 0.0000000 0.3705709 0.5016832 0.6627404 0.3513560 0.6684207 0.7574958 0.7488545 0.5704111 0.7950684 0.5839979 0.6421643 1.1896618 0.7737226 2.0292314 0.5925240 0.6130672 0.5816320 0.6073545 0.6381617 2.0041493 0.6304355 0.6949325 1.2514336 0.5079076 0.5717824 0.5887518 0.6344034 0.6550927 2.1489140 1.9922200 0.6067173 0.3876746 0.6282902 0.6399822 0.7474034 0.6519407 0.8068902 2.0675426 0.7867948 0.5668048 0.6153034 0.5073896 0.5338514 0.8796351 1.1395422 0.7928232 0.6343557 1.3166190 0.5877247 0.6683133 0.4713379 0.7552250 0.6460981 0.6952088 0.8477035 0.6301568 0.6803886 0.9886179 0.6254260 0.6744793 0.8324517 0.7358633 0.7624498 0.6642563 0.7882832 0.5356727 0.5562380 0.6449412 0.4121851 0.6892113 0.6425129 1.2220248 0.9633645 0.7656479 1.0474366 0.7303523 1.0293944 0.5779542 0.7125222 0.5847398 0.5234378 0.5751863 0.9017161 
Cmyd____XP_027682953.1_zinc_finger_protein_91-like__Chelonia_mydas_                                            2.0420854 0.8312291 0.8085747 1.9097670 0.6590852 0.7042224 0.7630853 0.7035893 0.7399968 0.3705709 0.0000000 0.5796951 0.7275126 0.4007317 0.7699892 0.8380331 0.8467482 0.6407807 0.8159945 0.6022227 0.7227008 1.3367159 0.8179730 2.0505602 0.6411070 0.7114922 0.6947585 0.7123604 0.6832329 2.0420854 0.7088427 0.8366481 1.3573000 0.6107425 0.6610693 0.6444292 0.7458285 0.7746412 2.1475093 2.0233141 0.6829658 0.4529958 0.7263296 0.6824383 0.8194591 0.7297097 0.8604513 2.0880751 0.8609858 0.5863241 0.6768568 0.6329418 0.5880039 0.9766671 1.2590921 0.8108810 0.6867904 1.3842281 0.6372934 0.7883577 0.5744750 0.8263135 0.7253699 0.8132652 0.9487907 0.6636354 0.7550864 1.0530329 0.7175859 0.8038760 0.8730598 0.8080565 0.7970754 0.7761408 0.8853745 0.6398964 0.6483585 0.7772365 0.4552169 0.7810984 0.7020777 1.2951605 0.9982078 0.8023886 1.0922432 0.8375414 1.0815549 0.6344096 0.8385344 0.6396163 0.6543675 0.6171886 0.9436166 
Npar____Npar_R017267                                                                                           2.0350110 0.8966294 0.8699142 1.9979089 0.7494593 0.8529785 0.7469621 0.6971448 0.7435491 0.5016832 0.5796951 0.0000000 0.9023223 0.5768187 0.8609851 0.9369179 0.9455835 0.7843936 0.8193293 0.4545387 0.7343447 1.2364068 0.8417601 2.0346958 0.7476094 0.7685705 0.7539918 0.8034692 0.7988133 2.0350110 0.7480007 0.9684334 1.2364524 0.6592632 0.6448893 0.7028405 0.7586226 0.7868023 2.1599039 2.0228711 0.7602041 0.3588003 0.7829650 0.7419878 0.7507332 0.7372354 1.0466107 2.0581059 0.9010931 0.6711817 0.7853575 0.6853221 0.7088397 0.8462852 1.2925965 1.0187231 0.6929228 1.4299044 0.7340690 0.8030832 0.6316665 1.0327697 0.8168331 0.8183765 0.9854715 0.5810389 0.7506725 1.2419310 0.7759098 0.7701286 0.8760005 0.7952382 0.8864582 0.8235442 0.9615957 0.6617201 0.6473273 0.7283654 0.3715307 0.8468324 0.7905416 1.2554133 1.1829369 0.7752779 1.1946919 0.9940338 1.1950058 0.6786121 0.8398858 0.6510619 0.7180261 0.6737059 1.0101864 
Hsap_____ENSG00000160321_ENST00000397126_ZNF208                                                                2.0070785 0.3650894 0.9592283 1.9115530 0.7943460 0.3360269 0.5727043 0.5509541 0.6617126 0.6627404 0.7275126 0.9023223 0.0000000 0.7719069 0.9405567 0.9441213 0.3559305 0.7678994 1.0894930 0.7916631 0.8829427 1.1852514 0.9308830 2.0211689 0.6164411 0.5016219 0.5262372 0.5577207 0.8242316 2.0070785 0.7378610 0.4083078 1.2290631 0.6773346 0.8221370 0.8891160 0.9354412 0.8916576 2.1534483 2.0077066 0.9104582 0.7697555 0.6982977 0.6078189 0.9215174 0.8392280 0.7224639 2.0980002 0.6598627 0.8725692 0.8327092 0.7359807 0.6420333 0.9307200 0.9978297 0.7389813 0.6414332 1.3864812 0.8269087 0.5623388 0.5958665 0.4289419 0.7945767 0.9040488 1.1265351 0.9069674 0.9124560 0.9404735 0.6591725 0.8612908 0.8973516 1.0226694 0.8768971 0.8559871 0.3583960 0.6838875 0.7729734 0.6751897 0.7622741 0.7886768 0.6537240 1.1022708 0.8957824 1.0387175 1.1584402 0.3510672 1.1919179 0.7705772 0.7117931 0.7106779 0.5414239 0.6045762 0.9145743 
Cmyd____XP_027686678.1_LOW_QUALITY_PROTEIN__zinc_finger_protein_271__Chelonia_mydas_                           2.0128781 0.7956747 0.8085706 1.9440829 0.6543098 0.6431961 0.6579702 0.6399788 0.6555637 0.3513560 0.4007317 0.5768187 0.7719069 0.0000000 0.7045682 0.7588470 0.8649289 0.5815415 0.8430769 0.6608075 0.7134589 1.2202161 0.6714594 2.0158184 0.6071747 0.6960164 0.6331734 0.6340812 0.5178974 2.0128781 0.7112563 0.8053325 1.2327930 0.5375515 0.6281241 0.6481075 0.6833295 0.7473186 2.1785681 2.0011512 0.6533659 0.4153516 0.6420981 0.6893126 0.7891608 0.6802344 0.8670921 2.0898219 0.8870125 0.5729192 0.5131391 0.5714654 0.4888570 0.9479603 1.1015657 0.8004277 0.6411589 1.3206459 0.5172729 0.7813784 0.5530500 0.7624557 0.6331422 0.6138970 0.8935840 0.6609266 0.6306855 1.0353274 0.6716683 0.6808857 0.8056027 0.7144853 0.8286299 0.6809285 0.8905273 0.5598790 0.5872503 0.7436946 0.4199243 0.7468787 0.6792607 1.2171312 1.0008284 0.7699944 1.1405929 0.8086197 1.0739029 0.6311708 0.7468207 0.5962430 0.5946249 0.6254389 0.8608655 
Cpor____XP_019401986.1_PREDICTED__zinc_finger_protein_271-like_isoform_X4__Crocodylus_porosus_                 1.8007340 0.9152796 0.9300679 1.8103816 0.7421349 0.8677944 0.7816125 0.7861540 0.8385533 0.6684207 0.7699892 0.8609851 0.9405567 0.7045682 0.0000000 0.8635132 0.9870058 0.6350968 1.1462081 0.8322215 0.9554744 1.5770748 0.7943960 1.7844761 0.7993164 0.7942266 0.8171509 0.8500012 0.6901437 1.8007340 0.9151091 0.9588812 1.5755608 0.7175011 0.8554562 0.7220961 0.9009972 0.9855696 1.8688166 1.7775657 1.0416560 0.7247507 0.8551698 0.8466150 0.9156127 1.0418448 0.9710409 1.8468651 0.9552308 0.7935430 0.6722411 0.7471226 0.6632948 1.1112626 1.0261666 0.9180158 0.7063703 1.5029819 0.7180988 0.9643968 0.7196652 0.9955371 0.7490259 0.7598497 1.1356662 0.9437210 0.8745544 1.1122136 0.8441804 0.8721210 0.8678222 0.8163031 0.7635660 0.8601152 0.9979194 0.7296132 0.9024340 0.9361878 0.7267754 0.8210971 0.8929857 1.2972487 1.2354019 0.9776481 1.2784807 0.9872265 1.3622008 0.8007076 0.9584242 0.6571793 0.7952114 0.6830344 1.1145332 
Amis____XP_019336564.1_PREDICTED__zinc_finger_protein_420__Alligator_mississippiensis_                         2.3165474 0.9578712 1.0972689 2.2548597 0.9043711 0.8909486 0.8992746 0.7953335 0.9372973 0.7574958 0.8380331 0.9369179 0.9441213 0.7588470 0.8635132 0.0000000 1.0614642 0.8008397 1.1977105 1.0275390 0.9809417 1.7321573 0.9443563 2.3472370 0.8716504 0.8817738 0.9141790 0.9123558 0.8033039 2.3165474 0.9025744 1.0918855 1.6508583 0.8185583 0.9699634 0.9446163 1.0597084 1.1748663 2.4783648 2.3298201 1.0323754 0.7869516 0.8765867 0.8811223 0.9111254 0.9718933 1.1681367 2.3328005 1.0682876 0.9300067 0.8691933 0.7710431 0.8511067 1.0593348 1.0465590 1.2204808 0.8087260 1.5012367 0.8412781 0.9050149 0.8130930 1.0453374 0.8660418 0.8890470 1.3305713 1.1079611 0.8830710 1.4172505 0.9442288 0.9341796 1.0113899 0.9340705 1.0036837 0.8378211 1.0922282 0.8468645 0.9798955 0.9848443 0.8075433 0.9426844 0.9515411 1.5485604 1.2018064 1.0740883 1.5230295 1.0629517 1.4103180 0.9908205 1.0206665 0.7922928 0.8006269 0.7639850 1.1496633 
Hsap_____ENSG00000196350_ENST00000601693_ZNF729                                                                2.0464788 0.3524379 0.9553332 1.9157824 0.9661114 0.3160797 0.6062511 0.5402734 0.7124342 0.7488545 0.8467482 0.9455835 0.3559305 0.8649289 0.9870058 1.0614642 0.0000000 0.8164200 1.2071355 0.8445497 0.9261523 1.1507781 0.9809757 2.0450763 0.6841677 0.5841062 0.6185233 0.5978239 0.9238193 2.0464788 0.8113843 0.3975643 1.1668890 0.7588774 0.9451181 1.0277711 1.0452951 1.0195155 2.2586744 2.0472285 0.9619158 0.8239321 0.7518620 0.5831570 1.0331165 0.9478648 0.7891877 2.0902059 0.7718839 0.9450016 0.9103689 0.8572520 0.7544700 1.0011558 1.0202818 0.8325978 0.6358453 1.4909969 0.9715056 0.6803646 0.6555324 0.4112825 0.8936204 0.9852778 1.2227152 0.9739097 1.0114578 0.9591826 0.6913914 0.9299530 1.0029920 1.1074690 1.0163647 1.0462365 0.1159082 0.7741116 0.8734677 0.7506212 0.8233680 0.8828978 0.7198299 1.2415306 0.9507815 1.1865823 1.2288247 0.3555659 1.2858413 0.8361290 0.7557052 0.8785182 0.5915846 0.6279345 0.9881446 
Tcar____XP_024073888.2_zinc_finger_protein_845-like__Terrapene_mexicana_triunguis_                             2.0766057 0.8311660 0.9220357 1.9990286 0.6934964 0.7156229 0.7535732 0.6750408 0.7871976 0.5704111 0.6407807 0.7843936 0.7678994 0.5815415 0.6350968 0.8008397 0.8164200 0.0000000 0.9578841 0.8643402 0.8148557 1.4809134 0.8068376 2.0764398 0.7196948 0.7289955 0.7650689 0.7640312 0.6145873 2.0766057 0.7768534 0.8134404 1.4917210 0.7239968 0.7265780 0.7079066 0.8383119 0.8014049 2.1988643 2.0763179 0.8362018 0.6133405 0.6895534 0.7221654 0.7470288 0.9359443 0.9014257 2.1109871 0.9418649 0.7423522 0.6357925 0.6388166 0.5809158 1.0286357 0.9895927 0.9361155 0.6555827 1.3224800 0.6539713 0.8138763 0.6988985 0.8651552 0.6788530 0.6493514 1.0442180 0.9657238 0.6989609 1.0781110 0.7720837 0.7314334 0.8113739 0.7937733 0.7793365 0.8653165 0.8158189 0.7453896 0.6952494 0.8138098 0.6421859 0.7059531 0.7961534 1.2619888 1.0934392 0.9367187 1.1487424 0.8408334 1.0526485 0.7898332 0.8870241 0.6861115 0.6692025 0.5983738 1.0695774 
Onil____ENSONIG00000001464.1_ENSONIT00000001837.1_NA                                                           2.1219802 1.0979524 0.9177301 2.0992340 0.9412877 0.9876790 1.0275992 0.8964832 0.9903183 0.7950684 0.8159945 0.8193293 1.0894930 0.8430769 1.1462081 1.1977105 1.2071355 0.9578841 0.0000000 0.7241913 0.9918755 1.3378376 1.0502477 2.1536271 0.9397699 1.0423275 0.9667612 0.9459118 1.0469484 2.1219802 1.0200391 1.1660944 1.3083631 0.8053334 0.8582299 0.7971830 0.8504556 1.0346345 2.3547360 2.1361939 1.0727669 0.7280736 0.8721617 0.9698889 1.0132941 0.8833681 0.8152526 2.0981795 1.1780404 0.8561465 0.9467151 0.7958903 0.8525892 0.8912587 1.2811650 0.6944797 0.9994668 1.2611974 0.9641761 0.9906521 0.8656164 1.1759519 1.1824702 1.1751121 1.1955724 0.7548100 1.0665561 0.9148135 0.9626809 0.9937921 1.1106320 1.2033451 1.0160470 1.1165425 1.2915015 0.8447955 0.9025269 1.1010365 0.7405367 0.9417805 1.0512368 1.3160145 1.2185050 0.9042941 1.4052331 1.2118546 0.8961799 0.9375323 1.0717041 0.9041231 0.9464297 0.9271157 1.1747092 
Xtro____ENSXETG00000007273_ENSXETT00000015810_NA                                                               1.9790421 0.8390606 0.7625448 1.9235532 0.6826367 0.7574682 0.6834493 0.6967824 0.6646798 0.5839979 0.6022227 0.4545387 0.7916631 0.6608075 0.8322215 1.0275390 0.8445497 0.8643402 0.7241913 0.0000000 0.7761657 1.0143693 0.7848123 1.9768593 0.6608341 0.6516312 0.6809215 0.6989249 0.8041406 1.9790421 0.7147082 0.9181769 0.9581083 0.6134488 0.6872433 0.5327460 0.7450392 0.7760173 2.0816334 1.9780169 0.8227039 0.4616255 0.7315356 0.6784986 0.7089405 0.5744369 0.7118117 2.0497360 0.8230564 0.5961836 0.6010420 0.5720689 0.5846894 0.8435634 1.0977624 0.7067746 0.6623783 1.3558688 0.6290871 0.7625177 0.5363991 0.9488956 0.8047534 0.9349881 0.9916826 0.2277581 0.8892823 0.9374085 0.6615009 0.8401851 0.8338096 0.9201040 0.7720267 0.9107131 0.8160299 0.6262835 0.7275675 0.6383088 0.4884742 0.7728746 0.7306625 1.0447941 0.9623837 0.5552510 0.9781294 0.8669605 1.3286078 0.4734571 0.7651385 0.6408645 0.6896580 0.6475197 0.9478552 
Lobl____XP_026953267.1_zinc_finger_protein_850-like_isoform_X4__Lagenorhynchus_obliquidens_                    2.0852749 0.9142411 0.8877921 1.9505831 0.8434340 0.8471706 0.7083273 0.6647405 0.7713749 0.6421643 0.7227008 0.7343447 0.8829427 0.7134589 0.9554744 0.9809417 0.9261523 0.8148557 0.9918755 0.7761657 0.0000000 1.4460783 0.9355009 2.0769378 0.7698043 0.7320646 0.7432024 0.7794189 0.9073076 2.0852749 0.9055767 0.8994018 1.4582002 0.6955158 0.4828955 0.9088485 0.4819788 0.5853202 2.2115261 2.0531195 0.6727314 0.6121063 0.6974210 0.7270351 0.9344267 0.8679828 1.0858963 2.0602525 0.8680735 0.8441480 0.7850840 0.7222313 0.7442435 1.0707767 1.2347196 1.0750743 0.8125543 1.4481500 0.8165792 0.8872477 0.7077889 0.9684909 0.9497715 0.9297554 0.9173707 0.8923816 0.9007205 1.2185245 0.7994487 0.8006338 1.0098940 0.9226327 1.0450254 0.8867092 1.0355702 0.6930882 0.4562681 0.8745136 0.5913261 0.6844745 0.8432142 1.1863466 1.0612092 0.9567387 0.9817302 0.9918477 1.1870603 0.8420671 0.7513674 0.8046027 0.6961634 0.8373864 0.8998682 
Onil____ENSONIG00000000414.1_ENSONIT00000000525.1_NA                                                           2.7561393 1.2249978 1.2281364 2.6456265 1.2696027 1.0843274 1.1651042 1.1880617 1.2137258 1.1896618 1.3367159 1.2364068 1.1852514 1.2202161 1.5770748 1.7321573 1.1507781 1.4809134 1.3378376 1.0143693 1.4460783 0.0000000 1.4942089 2.7580980 1.3175419 1.0429097 1.2075878 1.1068297 1.5516348 2.7561393 1.3516147 1.2718185 0.3721157 1.0884371 1.3234975 1.3096755 1.4585465 1.5124771 3.0334384 2.7404575 1.4877062 1.0709667 1.0130262 1.2749851 1.5387532 1.0787502 1.4138968 2.8602867 1.1887511 1.3634916 1.2957500 1.1528556 1.2757048 1.4918691 1.4925457 1.3910125 1.0455903 1.5632696 1.3568154 1.2761983 1.0009934 1.1850477 1.5681015 1.6905016 1.7874197 1.1649900 1.5726292 1.6284030 1.2270346 1.5014987 1.5589043 1.6306486 1.5773346 1.5796596 1.0939811 1.1132806 1.3115184 1.5587369 1.0833836 1.1095186 1.3814876 1.6319631 1.8530611 1.5148155 1.8951444 1.1765242 1.9014348 1.0496189 1.3627225 1.1778046 1.1852660 0.9719073 1.5932304 
Tcar____XP_026514007.1_zinc_finger_protein_420-like__Terrapene_mexicana_triunguis_                             1.9389238 0.9451552 1.0587113 2.0090561 0.8210961 0.8285639 0.8868878 0.8107642 0.9207133 0.7737226 0.8179730 0.8417601 0.9308830 0.6714594 0.7943960 0.9443563 0.9809757 0.8068376 1.0502477 0.7848123 0.9355009 1.4942089 0.0000000 1.9395730 0.8627199 0.8867830 0.8968999 0.8343217 0.7702045 1.9389238 0.8639362 0.9609185 1.4732339 0.7149251 0.8052188 0.7749257 0.8941137 0.9648106 2.1070242 1.9306640 0.9686884 0.7121067 0.8764705 0.8652038 0.9464515 0.9094167 1.0038092 2.0037540 1.0719098 0.7935191 0.7573277 0.7725666 0.7332839 1.2365249 1.0970287 0.9938485 0.8013762 1.5319295 0.7737604 0.9044087 0.7271234 0.9556854 0.8501720 0.8049889 1.1654010 0.8762729 0.8227463 1.1557102 0.9119165 0.9151104 0.7509006 0.8835805 0.8931888 0.8781183 0.9607225 0.7139721 0.8770581 0.9188195 0.6868361 0.9582874 0.9178842 1.3645132 1.2617733 0.9753296 1.3599149 0.9683748 1.3632999 0.9148192 0.9378426 0.7268437 0.8505404 0.7595841 1.0526948 
Nleu____XP_003264475.1_PREDICTED__zinc_finger_protein_648__Nomascus_leucogenys_                                0.0166722 1.9573686 2.0825471 0.2176307 1.9184106 1.7711170 1.9450413 1.6538717 1.9597927 2.0292314 2.0505602 2.0346958 2.0211689 2.0158184 1.7844761 2.3472370 2.0450763 2.0764398 2.1536271 1.9768593 2.0769378 2.7580980 1.9395730 0.0000000 1.9455319 1.8574558 1.9405435 1.9323162 1.9370551 0.0166722 2.2478140 2.1193682 2.4912293 1.7252281 1.9612916 1.9710595 1.7719447 2.0520127 0.0486923 0.0164529 1.8551055 2.0050014 1.7754286 1.6460078 2.1343774 2.3954585 1.9993425 0.0890287 2.1348985 2.2268859 1.8777821 1.9263929 1.9041736 2.3052742 2.2255129 2.0042772 1.6595993 2.3131662 2.1167706 2.2905124 1.8816550 2.2504002 2.0958064 2.1491871 2.0842731 2.0499989 2.1755852 2.5040194 2.0092497 2.0897751 1.8791491 2.2061517 2.3621206 2.4269197 2.1284125 1.7192369 1.9685244 1.8440930 2.0417024 1.9783281 1.9939348 2.4878400 2.3421522 2.3582323 2.3111239 2.1832395 2.4756612 2.0126522 1.9326358 2.1233012 1.8940247 1.9195313 2.0782623 
Oorc____XP_012391468.1_PREDICTED__zinc_finger_protein_208_isoform_X1__Orcinus_orca_                            1.9407731 0.6050653 0.9027359 1.9210903 0.7469411 0.5336265 0.5019696 0.5218550 0.5326469 0.5925240 0.6411070 0.7476094 0.6164411 0.6071747 0.7993164 0.8716504 0.6841677 0.7196948 0.9397699 0.6608341 0.7698043 1.3175419 0.8627199 1.9455319 0.0000000 0.5261942 0.4751589 0.5095771 0.6802139 1.9407731 0.7277442 0.6476854 1.3733713 0.5482192 0.7017673 0.7966823 0.7397542 0.7537760 2.0391438 1.9457578 0.8228038 0.6543545 0.5129922 0.6141491 0.7885120 0.8099914 0.7947299 2.0393687 0.6655472 0.7512760 0.6569701 0.6371974 0.5900493 0.8235098 1.0300740 0.7488963 0.5897220 1.4402862 0.6601839 0.6130402 0.6674862 0.7249055 0.7928228 0.7986991 0.8115059 0.7800750 0.8160062 0.9926147 0.5489761 0.8176092 0.9351540 0.8983837 0.8010383 0.8648930 0.7345190 0.5647454 0.7609985 0.6731784 0.6422087 0.5246966 0.1361433 0.9448724 0.8552902 0.7941899 1.0091460 0.6781294 1.1943657 0.7081813 0.6571616 0.6165206 0.4618683 0.5692746 0.8003836 
Fcat____XP_019675000.2_LOW_QUALITY_PROTEIN__zinc_finger_protein_283__Felis_catus_                              1.8577334 0.4893842 0.8431693 1.7821505 0.7380704 0.4922765 0.3367255 0.4529568 0.6007129 0.6130672 0.7114922 0.7685705 0.5016219 0.6960164 0.7942266 0.8817738 0.5841062 0.7289955 1.0423275 0.6516312 0.7320646 1.0429097 0.8867830 1.8574558 0.5261942 0.0000000 0.3189096 0.4204159 0.7564472 1.8577334 0.7696886 0.5727678 1.0838754 0.5397902 0.7486821 0.7894960 0.8197638 0.7738851 1.9820324 1.8581004 0.7363445 0.6463037 0.5201300 0.5400753 0.9344468 0.7208770 0.8480225 1.9522130 0.5222530 0.7861032 0.7416963 0.5686971 0.6395861 0.8670644 1.0219093 0.8593795 0.5327608 1.2591913 0.7606878 0.6201982 0.6138257 0.5930982 0.7570048 0.8476612 0.8832184 0.8456364 0.8142599 1.0181675 0.6416700 0.7692640 0.8808075 0.8839946 0.8296147 0.8200581 0.5202106 0.5540738 0.6573042 0.6465790 0.6499135 0.4278037 0.5686201 0.8708210 0.8689366 0.8631432 0.9578635 0.5137005 1.2793118 0.6720551 0.5208893 0.6305552 0.3111791 0.5460346 0.6855732 
Oorc____XP_012393829.1_PREDICTED__LOW_QUALITY_PROTEIN__uncharacterized_protein_LOC101270594__Orcinus_orca_     1.9358462 0.5364923 0.8818477 1.8371365 0.7541977 0.5016645 0.3061009 0.4410883 0.5278480 0.5816320 0.6947585 0.7539918 0.5262372 0.6331734 0.8171509 0.9141790 0.6185233 0.7650689 0.9667612 0.6809215 0.7432024 1.2075878 0.8968999 1.9405435 0.4751589 0.3189096 0.0000000 0.3720220 0.7040999 1.9358462 0.6902896 0.5920096 1.2542406 0.4894238 0.6979014 0.9103197 0.7883862 0.7241414 2.0858704 1.9363402 0.6943174 0.6094684 0.4789488 0.5454718 0.9310795 0.7938440 0.8336937 2.0351567 0.4978552 0.8042649 0.6806590 0.6025588 0.6098780 0.7686119 1.0247819 0.7913595 0.5234897 1.2582722 0.7120782 0.6183690 0.5748506 0.6219906 0.8031287 0.7907750 0.8616708 0.7781116 0.7670075 0.9945065 0.5710033 0.7352989 0.8650183 0.8585799 0.8264319 0.7865451 0.5859403 0.5073441 0.6516092 0.6665773 0.6580618 0.4974765 0.4951712 0.8408792 0.8175960 0.8379446 1.0168987 0.6107153 1.1964389 0.6787202 0.4919350 0.5691457 0.3271095 0.5341017 0.8059347 
Fcat____XP_023101659.1_LOW_QUALITY_PROTEIN__zinc_finger_protein_850-like__Felis_catus_                         1.9253769 0.5182894 0.9313604 1.8423510 0.7697929 0.4800914 0.4201334 0.4463908 0.5652577 0.6073545 0.7123604 0.8034692 0.5577207 0.6340812 0.8500012 0.9123558 0.5978239 0.7640312 0.9459118 0.6989249 0.7794189 1.1068297 0.8343217 1.9323162 0.5095771 0.4204159 0.3720220 0.0000000 0.7645808 1.9253769 0.7114841 0.5564915 1.1199980 0.5456826 0.7526446 0.8728252 0.8161175 0.8243069 2.0882818 1.9191156 0.8047835 0.6585114 0.5075291 0.5432884 0.9385965 0.7408256 0.7801307 1.9977512 0.5677314 0.7910680 0.7276070 0.5644153 0.6011147 0.8577017 1.0432579 0.7968555 0.5272714 1.3451386 0.7171353 0.5924873 0.5804971 0.6078443 0.8163490 0.8423058 0.8977495 0.7061797 0.8388953 0.9687161 0.5953706 0.8194477 0.7883483 0.9482470 0.9304007 0.8252273 0.5915973 0.5513340 0.7315223 0.6294734 0.6599205 0.5243286 0.5653723 0.9121087 0.8067561 0.8997225 1.0459308 0.5817702 1.1319536 0.7088968 0.5546043 0.6053792 0.4153022 0.5094841 0.7630209 
Tcar____XP_026517060.1_LOW_QUALITY_PROTEIN__zinc_finger_protein_850-like__Terrapene_mexicana_triunguis_        1.9427666 0.7915384 1.0161875 1.8160065 0.7393551 0.7526497 0.7240094 0.6631667 0.8124434 0.6381617 0.6832329 0.7988133 0.8242316 0.5178974 0.6901437 0.8033039 0.9238193 0.6145873 1.0469484 0.8041406 0.9073076 1.5516348 0.7702045 1.9370551 0.6802139 0.7564472 0.7040999 0.7645808 0.0000000 1.9427666 0.7690852 0.9149273 1.6130148 0.7043006 0.8411520 0.7858920 0.9308078 0.9822397 2.0565534 1.9313458 0.9233910 0.6826139 0.7632151 0.7210587 0.8059673 0.9260141 0.9401689 1.9769418 0.9454950 0.6858677 0.4732303 0.7116187 0.5195527 1.0494236 1.0331433 0.9072422 0.6733638 1.4411046 0.4710747 0.7940721 0.6783062 0.8718447 0.6459537 0.5384019 1.0129865 0.8309178 0.7184960 1.1806558 0.7901886 0.8116848 0.8898914 0.8121900 0.8437136 0.8138329 0.9153324 0.7100637 0.8209380 0.7689537 0.7179142 0.7586645 0.7320388 1.2491551 1.1608951 0.7811977 1.1475660 0.8992578 1.2191602 0.7828807 0.8801938 0.6536014 0.7088110 0.6322480 0.9789583 
Hsap_____ENSG00000179930_ENST00000339948_ZNF648                                                                0.0000010 1.9439268 2.0537138 0.2161675 1.9178176 1.7594533 1.9448985 1.6491385 1.9549564 2.0041493 2.0420854 2.0350110 2.0070785 2.0128781 1.8007340 2.3165474 2.0464788 2.0766057 2.1219802 1.9790421 2.0852749 2.7561393 1.9389238 0.0166722 1.9407731 1.8577334 1.9358462 1.9253769 1.9427666 0.0000000 2.2594974 2.1045412 2.4901712 1.7217319 1.9623003 2.0220098 1.7628418 2.0391023 0.0458116 0.0133378 1.8645087 1.9872436 1.7533498 1.6479993 2.1415627 2.3944711 1.9962000 0.0821547 2.1134137 2.2168893 1.8764329 1.9270673 1.9053961 2.3100548 2.1905213 2.0265666 1.6565288 2.3896426 2.1144359 2.2844831 1.8794263 2.2343089 2.0959051 2.1585195 2.0830918 2.0547593 2.2038559 2.5187194 2.0037385 2.0693547 1.8316748 2.2524846 2.3621800 2.4187994 2.1265162 1.7157877 1.9771102 1.8470631 2.0522358 1.9895218 1.9888540 2.5041120 2.3212297 2.3654679 2.2711220 2.1672204 2.4738808 2.0130452 1.9325627 2.1170406 1.8896536 1.9080417 2.0529087 
Pann____TRINITY_DN956_c0_g4_TRINITY_DN956_c0_g4_i1_sp                                                          2.2594974 0.7968551 0.9496986 2.1289268 0.8552988 0.7250121 0.7731549 0.6502494 0.7228483 0.6304355 0.7088427 0.7480007 0.7378610 0.7112563 0.9151091 0.9025744 0.8113843 0.7768534 1.0200391 0.7147082 0.9055767 1.3516147 0.8639362 2.2478140 0.7277442 0.7696886 0.6902896 0.7114841 0.7690852 2.2594974 0.0000000 0.8800136 1.3761456 0.7210936 0.7900810 0.9103542 0.8444574 0.9210500 2.4094962 2.2468258 0.9401887 0.6751184 0.7629488 0.6941420 0.9117808 0.8387768 0.8923819 2.3939141 0.8989999 0.8720676 0.7225628 0.7590649 0.6247251 0.9804311 1.1890592 0.9598780 0.7062507 1.4010970 0.7063237 0.7648059 0.6676352 0.8315681 0.8466377 0.8605578 1.0353607 0.8153513 0.8383962 1.1733977 0.7195557 0.8713066 1.0170022 0.9613387 1.0139390 0.8733784 0.8300601 0.7459702 0.7960015 0.7069956 0.6535984 0.8557299 0.7533986 1.2330261 1.1021103 0.9424984 1.1777814 0.8624299 1.0034691 0.7559822 0.8279965 0.7203170 0.6570112 0.6862975 0.9564667 
Ccap____XP_017380788.1_PREDICTED__LOW_QUALITY_PROTEIN__zinc_finger_protein_681-like__Cebus_capucinus_imitator_ 2.1045412 0.3491443 1.0857131 2.0520698 0.9302687 0.3288222 0.5859544 0.5833602 0.6763555 0.6949325 0.8366481 0.9684334 0.4083078 0.8053325 0.9588812 1.0918855 0.3975643 0.8134404 1.1660944 0.9181769 0.8994018 1.2718185 0.9609185 2.1193682 0.6476854 0.5727678 0.5920096 0.5564915 0.9149273 2.1045412 0.8800136 0.0000000 1.3060512 0.7295654 0.9063691 0.8608310 1.0067235 0.9483406 2.3018408 2.1102838 0.9348710 0.8592258 0.6897390 0.6454867 1.0373995 0.9029311 0.8873882 2.1891282 0.7516164 0.9065142 0.9420261 0.8343394 0.7278360 0.9893947 1.1098364 0.8073670 0.6732950 1.5523176 0.9043158 0.7548938 0.7364274 0.4428510 0.9116618 0.9029628 1.0692212 1.0162839 0.9985589 0.9733217 0.6893482 0.9710201 0.9930565 1.0971248 1.0364732 1.0007253 0.3892744 0.7507016 0.8738936 0.7307740 0.8053405 0.8209055 0.7195734 1.1507326 0.8776370 1.0498092 1.2953892 0.4100348 1.3399766 0.8675393 0.7322044 0.7298047 0.5568411 0.6352406 0.9488748 
Onil____ENSONIG00000006274.1_ENSONIT00000007909.1_NA                                                           2.4901712 1.2373855 1.1987061 2.4176352 1.2819222 1.1038918 1.1799506 1.1681992 1.2902197 1.2514336 1.3573000 1.2364524 1.2290631 1.2327930 1.5755608 1.6508583 1.1668890 1.4917210 1.3083631 0.9581083 1.4582002 0.3721157 1.4732339 2.4912293 1.3733713 1.0838754 1.2542406 1.1199980 1.6130148 2.4901712 1.3761456 1.3060512 0.0000000 1.1744609 1.2471501 1.3689320 1.4352671 1.5032152 2.6752513 2.4722173 1.4324331 1.0964196 1.0160568 1.2302904 1.5422508 1.0554819 1.4166688 2.6598235 1.2734336 1.3076253 1.3380717 1.1984584 1.2564485 1.4473507 1.4958449 1.3714000 1.0411946 1.7216751 1.3769013 1.3108496 1.0315998 1.1931050 1.5946395 1.6357742 1.6432814 1.1412824 1.5885721 1.6460169 1.3214980 1.5300888 1.5456288 1.6957604 1.4984717 1.5962724 1.1230813 1.1927434 1.3526870 1.6029127 1.0687288 1.0804622 1.4090791 1.5363420 1.8107983 1.4707363 1.7667861 1.2845731 1.8431367 1.0530494 1.3383237 1.2888881 1.2057538 1.0636292 1.6224314 
Lvex____XP_007464660.1_PREDICTED__zinc_finger_protein_850-like__Lipotes_vexillifer_                            1.7217319 0.6601814 0.7642219 1.7242217 0.6412818 0.5774208 0.5337224 0.5424200 0.5862954 0.5079076 0.6107425 0.6592632 0.6773346 0.5375515 0.7175011 0.8185583 0.7588774 0.7239968 0.8053334 0.6134488 0.6955158 1.0884371 0.7149251 1.7252281 0.5482192 0.5397902 0.4894238 0.5456826 0.7043006 1.7217319 0.7210936 0.7295654 1.1744609 0.0000000 0.6141518 0.6968907 0.6275765 0.6150216 1.8748625 1.6973108 0.7316945 0.5322984 0.6067667 0.5471567 0.8366308 0.7344276 0.7878244 1.7565450 0.7186679 0.6681683 0.6528499 0.5573878 0.5969487 0.7581834 0.9926149 0.7723156 0.5027075 1.2514236 0.6813731 0.6088956 0.5555147 0.7928735 0.7746601 0.7789186 0.8065191 0.7198751 0.7091468 0.9027844 0.5948439 0.7253273 0.7314880 0.8366115 0.7332735 0.7588845 0.7417330 0.0214203 0.6010044 0.7180786 0.5779985 0.6426589 0.5780539 1.0272940 0.9483264 0.7841275 1.0243237 0.7332747 1.0874950 0.6558030 0.5935016 0.5036714 0.4589002 0.4709328 0.7538930 
Fcat____XP_023101805.1_LOW_QUALITY_PROTEIN__zinc_finger_protein_850__Felis_catus_                              1.9623003 0.8478473 0.8424171 1.9468738 0.7795486 0.8461445 0.6677801 0.7264383 0.7558745 0.5717824 0.6610693 0.6448893 0.8221370 0.6281241 0.8554562 0.9699634 0.9451181 0.7265780 0.8582299 0.6872433 0.4828955 1.3234975 0.8052188 1.9612916 0.7017673 0.7486821 0.6979014 0.7526446 0.8411520 1.9623003 0.7900810 0.9063691 1.2471501 0.6141518 0.0000000 0.7657377 0.0981867 0.5558213 2.1319800 1.8924401 0.6593163 0.5594105 0.7591265 0.7624837 0.8446624 0.8671455 0.9103621 1.9531395 0.8761350 0.8040444 0.7537874 0.6572427 0.6427203 0.9636024 1.1914494 0.9446872 0.7847058 1.3422916 0.7335917 0.8587170 0.5912771 0.9037962 0.8390803 0.8132686 0.8888765 0.7775304 0.7967549 1.0710728 0.7582406 0.7304457 0.8482001 0.8541821 0.9000811 0.7963595 0.9679239 0.6294247 0.4469101 0.8669762 0.5477033 0.6982511 0.7687677 1.1606733 0.9746859 0.9066908 1.0303000 0.8814896 1.0312797 0.7208720 0.7156540 0.6907560 0.6665330 0.7300339 0.9236715 
Psin____ENSPSIG00000004463.1_ENSPSIT00000004798.1_NA                                                           2.0220098 0.9450412 0.9016891 1.9920707 0.7960308 0.8229689 0.8726252 0.8305153 0.7690678 0.5887518 0.6444292 0.7028405 0.8891160 0.6481075 0.7220961 0.9446163 1.0277711 0.7079066 0.7971830 0.5327460 0.9088485 1.3096755 0.7749257 1.9710595 0.7966823 0.7894960 0.9103197 0.8728252 0.7858920 2.0220098 0.9103542 0.8608310 1.3689320 0.6968907 0.7657377 0.0000000 0.8452854 0.8804764 2.0713260 1.9635280 0.9503212 0.5782673 0.8138087 0.8909160 0.7667613 0.7786715 0.9677868 2.0701808 0.9781190 0.4870594 0.7654524 0.7325834 0.6915055 1.0645575 1.3167693 0.8298121 0.6231777 1.5765718 0.7727267 0.8279887 0.6578995 0.9127918 0.7992549 0.8776108 1.0764482 0.6033790 0.9136613 1.0847373 0.7744547 0.8906115 0.8231498 0.9404516 0.8740220 1.0255482 0.9857983 0.7255290 0.8243290 0.8793666 0.5946197 0.8971725 0.8913165 1.2579520 1.0909573 0.8012548 1.1127162 0.9804518 1.3156899 0.6783736 0.9143898 0.6854592 0.8328807 0.5640250 1.1050569 
Cfam____ENSCAFG00000029340.1_ENSCAFT00000044250.1_NA                                                           1.7628418 0.9679439 0.9070413 1.7699624 0.8098000 0.9300908 0.6985265 0.7713636 0.7936751 0.6344034 0.7458285 0.7586226 0.9354412 0.6833295 0.9009972 1.0597084 1.0452951 0.8383119 0.8504556 0.7450392 0.4819788 1.4585465 0.8941137 1.7719447 0.7397542 0.8197638 0.7883862 0.8161175 0.9308078 1.7628418 0.8444574 1.0067235 1.4352671 0.6275765 0.0981867 0.8452854 0.0000000 0.5829545 1.8861135 1.7084733 0.6182658 0.6154405 0.7944352 0.7374272 0.9046686 0.9369637 0.8985441 1.7718354 0.9349392 0.8354328 0.7579083 0.7757716 0.7050747 1.0722213 1.2684260 0.9401481 0.8204266 1.3907141 0.7951972 0.9387902 0.6965418 1.0129692 0.8766865 0.9179533 0.9105097 0.8486459 0.8506879 1.1549256 0.8115582 0.8033102 0.9175558 0.9151365 0.9815039 0.8525426 1.1019332 0.6511420 0.4782242 0.8980591 0.6188618 0.7314045 0.8134065 1.1808123 1.0358114 0.9204022 0.9831050 1.0008329 1.0430002 0.7743784 0.7840297 0.7379899 0.6836408 0.7839639 0.9970524 
Lobl____XP_026953306.1_LOW_QUALITY_PROTEIN__zinc_finger_protein_551-like__Lagenorhynchus_obliquidens_          2.0391023 0.9745483 0.9121657 1.8751906 0.8403887 0.8891976 0.7314241 0.7883745 0.7992903 0.6550927 0.7746412 0.7868023 0.8916576 0.7473186 0.9855696 1.1748663 1.0195155 0.8014049 1.0346345 0.7760173 0.5853202 1.5124771 0.9648106 2.0520127 0.7537760 0.7738851 0.7241414 0.8243069 0.9822397 2.0391023 0.9210500 0.9483406 1.5032152 0.6150216 0.5558213 0.8804764 0.5829545 0.0000000 2.1730112 1.9734683 0.6582432 0.6683723 0.8066777 0.7963039 1.0205903 1.0568118 1.0220028 2.1138990 0.9875181 0.8734221 0.9306255 0.8096202 0.8235823 1.1439386 1.3599695 1.0326754 0.8680664 1.4326029 0.9688437 1.0389771 0.7316792 1.0585934 0.9374863 1.0026035 0.9462963 0.9888509 0.8685826 1.1880806 0.8246014 0.8243982 1.0469831 1.0428979 1.0956360 1.0206894 1.0435126 0.6276202 0.5200837 0.8725115 0.7480105 0.7923944 0.8128057 1.3322010 1.1513974 0.9676161 0.9203325 1.0633530 1.3845684 0.8505656 0.8177228 0.8135152 0.6562411 0.9037149 0.8658935 
