97
Homo_sapiens____homonina_XP_006722943.1_zinc_finger_protein_91_isoform_X3__Homo_sapiens_                                                             0.0000000 1.3005475 1.1707444 1.0998674 1.1715589 0.6710505 1.2235802 1.3132915 1.1579024 0.9360481 0.6053259 0.1830858 1.3159136 1.2647284 0.9547512 0.9869255 2.3312798 0.0000010 1.1326208 1.2049303 1.0413931 0.5228202 0.5969702 1.3166665 1.1924800 1.0742878 1.1264067 1.0714073 1.1764455 2.3519565 1.4404747 0.0124684 1.2103817 1.3166665 0.5657119 0.0124684 1.0411757 0.0000010 1.1787568 1.2411161 0.5535841 0.8249026 1.4404747 1.1920891 1.2051687 1.3369299 0.6330599 1.0233922 1.1058336 0.6152676 1.1060393 1.0598925 1.0920875 1.1721129 1.1641390 0.1433470 0.5524937 1.0244306 1.2226001 1.0153856 1.0296765 1.2438512 1.2104035 1.4534984 0.5752507 1.0571702 1.0894378 1.1719992 1.2448603 1.1887887 0.5573339 0.0101234 1.1623697 0.8564213 1.1965642 0.9705947 1.1535160 2.2162769 0.5398231 0.8984155 1.1045633 0.0124684 1.1842953 1.0756663 0.4202384 1.1692677 2.2652111 1.1841022 1.3000383 1.3166665 1.2194835 1.0618152 0.5695782 1.2574872 1.1923323 1.0316935 0.5645474 
Loxodonta_africana____afrotheria_XP_023399395.1_zinc_finger_protein_271-like__Loxodonta_africana_                                                    1.3005475 0.0000000 1.3136589 1.2905550 1.0620747 1.2402605 1.1504499 1.3489859 1.5717924 0.9812136 1.3774849 1.4599203 1.3722499 1.3841357 1.1612485 1.0481871 2.5226848 1.3644287 1.0383585 1.1434837 0.9808209 1.2805468 1.2983448 1.3771895 1.2122016 1.0246863 1.1524962 1.1188863 1.4127934 2.5440805 1.2310824 1.3514378 1.0138223 1.3771895 1.3333409 1.3225663 1.2134657 1.3333142 1.2365523 1.1273018 1.2132675 1.5202840 1.2310824 1.2300786 1.0647185 1.3884532 1.0331589 0.8758439 1.1541810 1.4113572 1.5044840 1.0248680 1.3238331 0.9891210 1.2804072 1.3688798 1.2828053 1.0990187 1.3633903 1.2130540 1.1109548 1.1383988 1.1102159 1.6686179 1.3410070 1.1098591 1.4619518 1.3636119 1.1713305 1.4281253 1.3619581 1.3173699 1.1121021 0.9513670 1.2150558 0.9610997 1.0748743 2.5490726 1.3406616 1.5877423 1.1469295 1.3514378 1.2359029 1.0188916 1.3555917 1.1775944 2.5501756 1.3845715 1.3121458 1.3686962 1.0576603 1.2724674 1.3860971 1.2687465 1.2196622 0.9639755 1.2016980 
Dasypus_novemcinctus____xenarthra_XP_012375896.1_zinc_finger_protein_836-like__Dasypus_novemcinctus_                                                 1.1707444 1.3136589 0.0000000 1.2253843 1.1947429 1.0818209 1.2611875 1.4253464 1.4222264 0.9725868 1.2063745 1.2738313 1.3899615 1.4188314 1.1227506 1.0672880 2.8851673 1.2093588 1.3891238 1.2967338 1.1463001 1.1574170 1.1481029 1.5448343 1.2025070 1.1329014 1.2889190 1.1672871 0.4291583 2.8682016 1.4792265 1.2498088 1.3212806 1.5448343 1.1743038 1.1389639 1.0457668 1.1455112 1.2706988 1.4346238 1.0529540 1.2083003 1.4792265 1.3177534 1.3512892 1.4359315 0.9114008 0.9678640 1.1821007 1.2485983 1.3374745 1.1496677 1.1768448 1.1692276 0.7934072 1.2805523 1.1818203 1.0117533 1.2533444 1.2672701 1.1756596 1.1687555 1.5579049 1.5577836 1.2093076 0.7430653 1.3523338 1.2848826 1.3410004 1.3417674 1.2164417 1.1779854 1.2142931 0.9170874 1.4107417 1.1417593 1.3359470 2.9308318 1.2363496 1.2557325 1.2188730 1.2498088 1.4559636 1.1022367 1.3402593 1.1014627 2.8413802 1.0906933 1.3981300 1.5826225 1.0947583 1.2067669 1.1968086 1.4978778 1.4520175 1.2081852 1.0535725 
Balaenoptera_acutorostrata____cetartiodactyla_XP_028018889.1_zinc_finger_protein_45__Balaenoptera_acutorostrata_scammoni_                            1.0998674 1.2905550 1.2253843 0.0000000 1.2125642 1.1584695 1.2468489 1.5188784 1.4896817 1.0611614 1.1581034 1.2687963 1.4778193 1.4979385 1.2632860 1.0518574 2.5673963 1.1562171 1.3651618 1.2625848 1.2043578 1.1483015 1.2021674 1.4027818 1.2727887 1.2887122 1.2859615 1.3063190 1.2802371 2.6316893 1.4110082 1.1380542 1.2694416 1.4027818 1.1283718 1.0878727 1.2659770 1.1067866 1.3570610 1.4002265 1.0661930 1.3537123 1.4110082 1.2927301 1.1804733 1.5062670 0.9639509 1.2071517 1.2117293 1.2326860 1.4992766 1.2986525 0.1977308 1.2518831 1.3005058 1.2105872 1.1685971 1.0989884 1.3892593 0.7014211 1.1908351 1.3190023 1.4357947 1.5552668 1.2162341 1.1797754 1.5325016 1.3835927 0.6515231 0.3654323 1.2065855 1.1033978 1.2083643 1.0997318 1.5283702 1.1450979 1.3030566 2.5440369 1.2163954 1.4571897 1.2418695 1.1380542 1.4407069 1.2670863 1.2298275 1.1950795 2.5644241 1.4036555 1.4038662 1.4128897 1.0648517 1.2508936 1.2393820 1.4765593 1.4310511 1.2429882 1.0687122 
Panthera_tigris____carnivora_XP_015399575.1_PREDICTED__zinc_finger_protein_850_isoform_X1__Panthera_tigris_altaica_                                  1.1715589 1.0620747 1.1947429 1.2125642 0.0000000 1.2618836 1.0544010 1.1986675 1.3408829 0.8432579 1.2101044 1.2272503 1.2161382 1.1440050 0.9807005 0.9299645 2.4832777 1.1664429 1.0477779 1.0627511 0.9269854 1.1586524 1.2319219 1.4927138 1.0431313 0.9160185 0.9566597 1.0332302 1.1539140 2.5138599 1.1421936 1.1969335 0.8561918 1.4927138 1.1666164 1.1518823 1.1497000 1.1566208 1.0647630 1.0775688 1.1072333 1.4226159 1.1421936 1.1279644 1.0030320 1.1563548 0.9789836 0.6118317 1.0311183 1.3026833 1.2769243 0.9403182 1.2135610 0.9395174 1.2107897 1.2489375 1.1529875 0.9525606 1.2827760 1.1633379 0.9950041 1.0288312 1.0569592 1.4833144 1.2195763 1.0455878 1.3852200 1.3000255 1.3013776 1.2572740 1.1885789 1.1950287 1.0530765 0.8291543 1.2745913 0.8877242 1.1356441 2.4071458 1.2638347 1.4700236 1.0868166 1.1969335 1.2750981 0.9109423 1.2825526 1.0410583 2.3532672 1.2608868 1.0394450 1.4957699 0.9057616 0.9917379 1.2695548 1.3169761 1.2855098 0.9030094 1.0806144 
Carlito_syrichta____tarsiidae_XP_021565913.1_zinc_finger_protein_208-like__Carlito_syrichta_                                                         0.6710505 1.2402605 1.0818209 1.1584695 1.2618836 0.0000000 1.1776509 1.4592289 1.2605017 0.9089171 0.6929126 0.7186788 1.2456652 1.3248247 0.9827832 0.9946264 2.5551000 0.6708026 1.2352045 1.3651613 1.0196945 0.6204536 0.6865191 1.5001901 1.3470348 0.9890942 1.1101960 1.1834857 1.3032540 2.5506702 1.5342751 0.6816328 1.3595391 1.5001901 0.6883621 0.6634449 1.1502966 0.6656624 1.3275657 1.2161769 0.5929484 0.8701258 1.5342751 1.3399492 1.1980205 1.4521095 0.7290284 1.0613448 1.1551884 0.7299385 1.2235417 1.0009416 1.1688783 1.2110254 1.1172547 0.6908096 0.6438017 1.1562033 1.3211404 1.1119300 1.1411569 1.2805885 1.1382267 1.4838022 0.6554286 1.0432160 1.2402881 1.2750704 1.1561080 1.3236326 0.6795289 0.6833052 1.1480887 0.8771114 1.4604742 0.9955283 1.4176174 2.4961030 0.6377045 0.9479626 1.2321440 0.6816328 1.4629441 0.9813525 0.7137926 1.1128463 2.4357927 1.1910413 1.3749152 1.4496981 1.1774937 1.2862794 0.7031892 1.4993325 1.4884603 1.1659201 0.6053918 
Ursus_arctos____carnivora_XP_026338220.1_LOW_QUALITY_PROTEIN__zinc_finger_protein_573__Ursus_arctos_horribilis_                                      1.2235802 1.1504499 1.2611875 1.2468489 1.0544010 1.1776509 0.0000000 1.4409997 1.4622613 0.8367940 1.2524356 1.2976929 0.4119611 1.2843316 0.9525619 0.9475709 2.6349433 1.2186575 0.9925468 1.1583018 0.7905793 1.1937114 1.2793981 1.3942901 1.2330055 0.9553577 1.1500045 1.1774731 1.2080437 2.7881848 1.1477303 1.2342165 1.0645702 1.3942901 1.2378816 1.1892678 1.2829319 1.1962296 1.2033776 0.8788820 1.1616251 1.3927788 1.1477303 1.2123774 1.1182277 1.2106600 1.0486411 0.8135804 1.0748874 1.3588906 1.3927680 0.9778643 1.2459032 0.9942234 1.2149357 1.2395202 1.1734343 1.0003076 1.3585697 1.1542974 1.1693510 1.0859801 1.0827847 1.4492995 1.2295534 1.0969957 1.5862386 1.2952196 1.1263105 1.3985688 1.2499657 1.2356809 1.0945628 0.8594726 1.3214202 0.7376615 1.2271962 2.5334035 1.2355734 1.5128830 1.1692858 1.2342165 1.3559455 0.9097796 1.2487001 1.1544425 2.5627665 1.3080428 1.1908921 1.3824373 0.9802912 1.2456226 1.3026257 1.4361041 1.3996821 1.0599644 1.1348001 
Balaenoptera_acutorostrata____cetartiodactyla_XP_028021489.1_LOW_QUALITY_PROTEIN__zinc_finger_protein_850-like__Balaenoptera_acutorostrata_scammoni_ 1.3132915 1.3489859 1.4253464 1.5188784 1.1986675 1.4592289 1.4409997 0.0000000 1.5720834 1.1014035 1.5074074 1.6990015 1.6697226 1.3654694 1.1894532 1.1809210 1.8171240 1.4966180 1.5259105 1.3700415 1.1852960 1.3935829 1.3846683 1.8872561 1.2227644 1.2707010 1.0906713 1.3626520 1.4333507 1.7411342 1.4956513 1.3871645 1.2866650 1.8872561 1.4436741 1.3903412 1.1584435 1.4242316 1.4380586 1.6422818 1.4399786 1.8074767 1.4956513 1.2377624 1.3823439 1.3085135 1.2147008 1.0173498 1.2301335 1.7134429 1.5754665 1.3386661 1.5641063 1.1749669 1.5153090 1.6232076 1.5198044 1.3458293 1.4866177 1.4040106 1.3300040 1.3495664 2.0167615 1.8887019 1.4594719 1.2242613 1.7183071 1.2795120 2.5980642 1.6201095 1.4978055 1.2889984 1.1329368 1.0392574 1.1701202 1.2050918 0.8317957 1.6940087 1.3680772 1.7571893 1.4224018 1.3871645 0.9456140 1.1561658 1.6151558 1.3670810 1.7630289 1.4756105 1.4001187 1.7844032 1.0040989 1.4034399 1.7349839 0.9396519 0.9265514 1.2844597 1.2834798 
Propithecus_coquereli____indriidae_XP_012498850.1_PREDICTED__zinc_finger_protein_665-like__Propithecus_coquereli_                                    1.1579024 1.5717924 1.4222264 1.4896817 1.3408829 1.2605017 1.4622613 1.5720834 0.0000000 1.0611150 1.2988943 1.2216418 1.5947853 1.4697362 1.1828607 1.1142361 2.0330251 1.1519814 1.6161334 1.5254692 1.3479431 1.1764591 1.4472004 1.6070260 1.2061136 1.2087870 1.2903263 1.2911378 1.4923774 2.0049672 1.4854458 1.1987368 1.4229101 1.6070260 1.2700276 1.1270104 1.0748771 1.1220644 1.3818126 1.5237830 1.1249385 1.4426247 1.4854458 1.4275350 1.4663510 1.2852549 1.0649028 1.1208213 1.4351079 1.3384830 0.7304255 1.2238878 1.4859596 1.3401066 1.3246173 1.2640706 1.3152617 1.3061530 0.8757850 1.3164204 1.2944253 1.3274289 1.6268931 1.7423397 1.2705179 1.2262346 1.4971244 0.9424546 1.6251118 1.6420594 1.2498407 1.1406500 1.3437018 0.9783270 1.5731424 1.2004884 1.5344940 2.0409306 1.2400527 1.5859203 1.1327379 1.1987368 1.7007454 1.0753259 1.3106115 1.0351695 2.0930573 1.0288745 1.4848007 1.6416454 0.9809269 1.2737888 1.2157704 1.7590381 1.6501224 1.3000859 1.1436233 
Carlito_syrichta____tarsiidae_XP_008054518.2_zinc_finger_protein_571__Carlito_syrichta_                                                              0.9360481 0.9812136 0.9725868 1.0611614 0.8432579 0.9089171 0.8367940 1.1014035 1.0611150 0.0000000 1.0084779 0.9624961 0.9903758 1.0475893 0.7153288 0.5744891 2.4666522 0.9054846 0.9081430 0.8936972 0.3598417 0.9667201 0.9831863 1.1616502 1.0102994 0.7788977 0.9085347 0.9074305 1.0065346 2.5194412 1.0874742 0.9394103 0.8973018 1.1616502 0.9553054 0.9112704 1.0985644 0.9054846 0.9541043 0.8143549 0.8163765 1.0281089 1.0874742 0.9988942 1.0928027 1.1461443 0.8313597 0.7646879 0.9213928 0.9761787 1.0219818 0.8231109 1.0421523 0.8743060 0.9242008 0.9590410 0.9344593 0.8142198 1.0516590 0.9609635 0.8781221 0.8812370 0.8834392 1.2821928 1.0207596 0.7763704 1.3178424 1.0439531 1.0036239 1.1373027 0.9895746 0.9334544 0.8912335 0.2858446 1.1461983 0.5948690 1.0419662 2.3400987 0.9768892 1.1261137 0.9447323 0.9394103 1.1160816 0.6842321 0.9989946 0.9799684 2.4037000 1.0903925 1.0055810 1.1757067 0.9471699 0.8943829 1.0025956 1.1024952 1.0841558 0.8972928 0.7887304 
Pongo_abelii____ponginae_XP_024093056.1_zinc_finger_protein_208_isoform_X1__Pongo_abelii_                                                            0.6053259 1.3774849 1.2063745 1.1581034 1.2101044 0.6929126 1.2524356 1.5074074 1.2988943 1.0084779 0.0000000 0.5604919 1.3301708 1.3128179 1.0569668 1.0523581 2.7214420 0.5851667 1.3383919 1.4036842 1.0510109 0.5326049 0.6184272 1.3158932 1.3490842 1.0361908 1.2339757 1.2476334 1.3155117 2.6998408 1.5504346 0.6088732 1.3422006 1.3158932 0.5632668 0.5925840 1.0718750 0.5878828 1.3413840 1.2985748 0.6033070 0.8904292 1.5504346 1.3602413 1.3013635 1.4534735 0.7506345 1.0309399 1.2389090 0.7919238 1.2686367 1.0594375 1.1440035 1.2778187 1.2395954 0.5494845 0.5361867 1.2170724 1.2319091 1.0847385 1.1610193 1.3056127 1.2135135 1.5738400 0.6134051 1.0868761 1.3312034 1.1879742 1.1613686 1.2243507 0.5619271 0.5997024 1.2520852 0.9186505 1.4225735 1.0179730 1.3191776 2.5964745 0.5960054 0.9508747 1.3358107 0.6088732 1.4472803 1.1269336 0.6205660 1.1646398 2.5899640 1.2397851 1.3839971 1.3305543 1.3155968 1.2434331 0.5706132 1.4597701 1.4427552 1.1879131 0.5687873 
Mandrillus_leucophaeus____cercopithecoidea_XP_011855059.1_PREDICTED__zinc_finger_protein_91-like__Mandrillus_leucophaeus_                            0.1830858 1.4599203 1.2738313 1.2687963 1.2272503 0.7186788 1.2976929 1.6990015 1.2216418 0.9624961 0.5604919 0.0000000 1.3032865 1.2988183 1.0010710 1.0572808 2.5029941 0.1868282 1.3854291 1.3695583 1.1230513 0.4914252 0.6240131 1.5519462 1.3428613 1.0584421 1.2251240 1.2169633 1.3728977 2.5591119 1.5454242 0.1815737 1.4972725 1.5519462 0.5503111 0.1804916 1.1723164 0.1860157 1.3460871 1.2607792 0.5850550 0.9691759 1.5454242 1.3892809 1.3880117 1.2804710 0.7452471 0.9851575 1.1417546 0.7391077 1.0923923 1.0781951 1.2305161 1.2822672 1.2870558 0.1582207 0.5228589 1.1732025 1.2306265 1.1835573 1.1343403 1.4446473 1.4760090 1.5793508 0.6121824 1.1661588 1.3571925 1.2207332 1.3160562 1.3696967 0.5049230 0.1667744 1.3320857 0.8673447 1.3103331 1.0509193 1.3315772 2.3844439 0.5402027 0.9622733 1.2659625 0.1815737 1.4942000 1.1085314 0.4962548 1.2619801 2.5304107 1.1431875 1.4006334 1.5555619 1.2812941 1.2706147 0.5713475 1.5561655 1.4966910 1.2192980 0.5732793 
Otolemur_garnettii____lorisoidea_XP_023372667.1_zinc_finger_protein_607__Otolemur_garnettii_                                                         1.3159136 1.3722499 1.3899615 1.4778193 1.2161382 1.2456652 0.4119611 1.6697226 1.5947853 0.9903758 1.3301708 1.3032865 0.0000000 1.4262492 1.0810558 1.0466857 2.7793031 1.2728586 1.1787974 1.3158509 0.9642207 1.3093995 1.3619584 1.5719091 1.3730060 1.0397436 1.3159166 1.3920951 1.3114545 2.9476450 1.3007090 1.2976044 1.1593774 1.5719091 1.2893887 1.2660210 1.4824725 1.2667142 1.4237754 0.8768113 1.2434730 1.5220662 1.3007090 1.4046614 1.2309765 1.3893317 1.1230383 0.9350521 1.2174697 1.3908315 1.5047099 1.0628037 1.4860190 1.1438923 1.3853973 1.2876806 1.2967482 1.1779147 1.4489232 1.3280272 1.2631756 1.1800770 1.1237980 1.5623663 1.2841203 1.1173425 1.7407326 1.4418119 1.2036236 1.6317938 1.3512835 1.3127285 1.3053804 1.1083262 1.5469268 0.8731464 1.4330383 2.8286526 1.3196347 1.6006424 1.3137862 1.2976044 1.6475954 0.9686396 1.3690860 1.2653756 2.7926266 1.4269582 1.3884978 1.6111937 1.1589081 1.2912263 1.3737588 1.6751343 1.6692300 1.1997886 1.1867946 
Galeopterus_variegatus____dermoptera_XP_008588630.1_PREDICTED__LOW_QUALITY_PROTEIN__zinc_finger_protein_420-like__Galeopterus_variegatus_            1.2647284 1.3841357 1.4188314 1.4979385 1.1440050 1.3248247 1.2843316 1.3654694 1.4697362 1.0475893 1.3128179 1.2988183 1.4262492 0.0000000 1.0517273 0.9468025 2.6255923 1.2567317 1.1747178 1.2378417 1.1056441 1.2348711 1.3436608 1.6328737 1.3258884 1.1937344 1.1860288 1.2143083 1.2699208 2.6515696 1.2877325 1.2732297 1.1843206 1.6328737 1.2774468 1.2583456 1.2061720 1.2422595 1.1439550 1.4214175 1.1634671 1.4102855 1.2877325 1.3326865 1.3041841 1.3484700 1.1514868 1.1481202 0.3730023 1.3641231 1.3918652 1.2227158 1.5108476 1.2049147 1.4294817 1.3393807 1.3227901 1.1521439 1.3306816 1.5066790 1.3006363 1.0647216 1.6922847 1.7745619 1.3453156 1.2216524 1.6443415 1.3618065 1.9949925 1.5142294 1.3122415 1.2393894 1.1111716 0.9319294 1.5407716 0.9620682 1.4031576 2.4558912 1.2748344 1.4779354 1.2199060 1.2732297 1.5933697 1.0624022 1.3072010 1.2506496 2.5065437 1.6298135 0.4301963 1.6306974 0.8946072 1.3092842 1.2938166 1.5706248 1.5507963 1.2979982 1.1549357 
Otolemur_garnettii____lorisoidea_XP_023372666.1_zinc_finger_protein_850-like__partial__Otolemur_garnettii_                                           0.9547512 1.1612485 1.1227506 1.2632860 0.9807005 0.9827832 0.9525619 1.1894532 1.1828607 0.7153288 1.0569668 1.0010710 1.0810558 1.0517273 0.0000000 0.8006255 2.4871476 0.9796213 0.9646464 1.0520998 0.7635261 1.0404254 1.1159036 1.2744001 0.9482446 0.7798738 1.0386684 1.0339834 1.2356570 2.6333070 1.2012439 0.9929314 0.9515691 1.2744001 1.0454081 0.9646518 1.1637333 0.9522473 0.9610649 0.9027651 0.9122754 1.1690373 1.2012439 1.0002603 1.1631050 1.0983661 0.9278714 0.7984667 0.9055415 1.0255564 1.1956250 0.8298992 1.2650016 1.0301740 1.1887283 1.0049169 1.0056972 0.9969548 1.1512086 1.1261141 0.9311029 0.9611462 0.9929969 1.3388719 1.0634068 0.9299243 1.2559525 1.1364556 1.0952333 1.3748815 1.0440162 0.9456765 0.9669925 0.6792127 1.1167387 0.6376174 1.1231378 2.3771076 1.0510309 1.2438717 1.0160874 0.9929314 1.1771512 0.7629471 1.0767790 1.1294812 2.4252670 1.1677527 1.0944003 1.2824375 1.0191728 0.9753160 1.0773048 1.1968812 1.1773324 0.9906345 0.9408919 
Dasypus_novemcinctus____xenarthra_XP_023444636.1_LOW_QUALITY_PROTEIN__zinc_finger_protein_571__Dasypus_novemcinctus_                                 0.9869255 1.0481871 1.0672880 1.0518574 0.9299645 0.9946264 0.9475709 1.1809210 1.1142361 0.5744891 1.0523581 1.0572808 1.0466857 0.9468025 0.8006255 0.0000000 2.4480524 1.0065536 1.0674866 0.9690310 0.6523153 1.0543550 1.1247575 1.2684510 1.0878408 0.7938337 0.9333419 1.0219899 1.0768204 2.4903598 1.2230384 1.0308353 0.9980980 1.2684510 1.0626797 0.9716340 1.0747646 0.9739889 1.0921901 0.9429341 0.9295291 1.1545702 1.2230384 1.0772207 1.1979655 1.1380347 0.9152955 0.7668899 0.7996524 1.2108955 1.1787759 0.8190939 1.0817301 0.9526439 1.0681531 0.9720948 1.0091721 0.9319984 1.0755389 1.1148722 1.0293460 0.9052777 0.9897902 1.2891354 1.0966649 0.8949954 1.3980537 0.9913800 0.9954291 1.1960904 1.0654292 1.0160338 1.0192857 0.5547846 1.1784852 0.6219374 1.0537810 2.4184350 1.0558870 1.2734603 1.0004398 1.0308353 1.1960121 0.8039806 1.0967422 1.0443561 2.3878714 1.2248479 0.9374678 1.2819585 0.9931870 0.9358227 1.1324373 1.3346621 1.2847234 0.9520192 0.9639679 
Mandrillus_leucophaeus____cercopithecoidea_XP_011858019.1_PREDICTED__zinc_finger_protein_648__Mandrillus_leucophaeus_                                2.3312798 2.5226848 2.8851673 2.5673963 2.4832777 2.5551000 2.6349433 1.8171240 2.0330251 2.4666522 2.7214420 2.5029941 2.7793031 2.6255923 2.4871476 2.4480524 0.0000000 2.3088713 2.5578894 2.7057749 2.3824549 2.5702486 2.7999804 2.8148155 2.7930303 2.6841392 2.6753623 2.6667023 1.9562637 0.1415447 2.7153423 2.2716798 2.5189481 2.8148155 2.6133826 2.3119345 2.2276923 2.3088713 2.5069699 3.1914738 2.4599165 3.0837682 2.7153423 2.5389677 2.3794562 2.7570799 2.8061098 2.8851363 2.9288661 2.5879079 2.4181882 2.6519620 2.5992538 2.5528778 2.5088483 2.6398718 2.6542191 2.6096990 2.5164167 2.6545676 2.6794620 2.2602534 3.2614259 2.9414117 2.7183004 2.4816569 2.8237160 2.4555073 4.0081484 2.6683736 2.5505085 2.2582451 2.6514462 2.3991056 2.5486075 2.3131648 2.5594216 0.3094310 2.4821555 3.0045551 2.5629277 2.2716798 2.8313685 2.6202209 2.8406908 2.6378561 0.2134997 3.2364688 2.8220540 2.7770978 2.5911709 2.5767553 2.8348919 2.8154683 2.7303945 2.5002573 2.5678108 
Homo_sapiens____homonina_NP_003421.2_zinc_finger_protein_91_isoform_1__Homo_sapiens_                                                                 0.0000010 1.3644287 1.2093588 1.1562171 1.1664429 0.6708026 1.2186575 1.4966180 1.1519814 0.9054846 0.5851667 0.1868282 1.2728586 1.2567317 0.9796213 1.0065536 2.3088713 0.0000000 1.2956323 1.2730477 1.0520463 0.4937492 0.6165627 1.4177659 1.2363656 1.0687429 1.1283968 1.1743210 1.2722786 2.3233477 1.4937717 0.0127840 1.3474761 1.4177659 0.5383148 0.0118309 1.1184354 0.0000010 1.2448082 1.2844983 0.5308811 0.8670955 1.4937717 1.2597871 1.2493870 1.3832745 0.6549254 1.0530159 1.1076067 0.5949434 1.0627941 1.0635647 1.1361097 1.1895880 1.2041885 0.1359215 0.5240559 1.0952640 1.2499870 1.0594852 1.1050872 1.2884388 1.2018782 1.4759341 0.5603271 1.0818040 1.1489049 1.2218476 1.2280692 1.2765760 0.5301655 0.0095893 1.1871750 0.8569268 1.3245526 1.0045834 1.2956101 2.2347580 0.5388601 0.9239625 1.1774389 0.0127840 1.3404644 1.0734484 0.3972255 1.1964149 2.2623543 1.0985655 1.3365106 1.4075094 1.2313195 1.1271893 0.5555137 1.3877638 1.3068050 1.1679353 0.5415271 
Erinaceus_europaeus____eulipotyphla_XP_016049861.1_PREDICTED__LOW_QUALITY_PROTEIN__uncharacterized_protein_LOC103126390__Erinaceus_europaeus_        1.1326208 1.0383585 1.3891238 1.3651618 1.0477779 1.2352045 0.9925468 1.5259105 1.6161334 0.9081430 1.3383919 1.3854291 1.1787974 1.1747178 0.9646464 1.0674866 2.5578894 1.2956323 0.0000000 1.2276519 0.8842831 1.2820246 1.2063857 1.5149834 1.1983766 0.9871021 1.1489132 1.1457135 1.4613086 2.5711339 1.6371132 1.2119268 0.8873628 1.5149834 1.3324799 1.2407461 1.1724481 1.2493315 1.2330905 0.4944554 1.1744323 1.4921727 1.6371132 1.1746315 1.5521659 1.3565055 1.1120788 0.6750142 0.9693566 1.3978470 1.5470685 0.9977088 1.3849278 0.8179979 1.4256615 1.3302701 1.3108395 1.0962689 1.3289344 1.3349443 1.0084107 1.0986382 1.1582279 1.5004016 1.2719467 1.2135705 1.4808668 1.2284397 1.3545421 1.4815804 1.3783307 1.1191718 1.0621829 0.8759798 1.3741972 0.7884208 1.3337076 2.4659681 1.2406249 1.5667811 1.2134735 1.2119268 1.5210512 0.7012315 1.3519406 1.2314103 2.5482735 1.4183109 1.2272992 1.4308908 1.0293210 1.1956835 1.4071839 1.5156065 1.4973342 0.9472695 1.1633907 
Loxodonta_africana____afrotheria_XP_010586028.2_LOW_QUALITY_PROTEIN__zinc_finger_protein_37_homolog__Loxodonta_africana_                             1.2049303 1.1434837 1.2967338 1.2625848 1.0627511 1.3651613 1.1583018 1.3700415 1.5254692 0.8936972 1.4036842 1.3695583 1.3158509 1.2378417 1.0520998 0.9690310 2.7057749 1.2730477 1.2276519 0.0000000 1.0669818 1.2995713 1.3466506 1.7278963 1.2137590 1.0252902 1.1394594 1.1396462 1.4398094 2.6833189 1.4177437 1.2699149 1.1617690 1.7278963 1.3279103 1.2287861 1.2544349 1.2424905 1.1825069 1.2065660 1.1965179 1.4310024 1.4177437 1.2803207 1.1108804 1.1554440 1.0952918 0.8412939 0.9989066 1.3563203 1.4227261 1.0673366 1.2634403 0.9900295 1.3170551 1.4101772 1.3121831 1.0838069 1.4184370 1.1872625 1.1379455 1.1009363 1.1968260 1.4987148 1.3874458 1.1843788 1.3188064 1.3372625 1.3331571 1.4432251 1.3333640 1.2262720 0.9928095 0.8341514 1.3152819 1.0656477 1.2510436 2.4482153 1.3802102 1.5333668 1.2213988 1.2699149 1.3012536 0.9400203 1.3330243 1.2777888 2.5124584 1.2445153 1.2386765 1.6561297 0.8555515 1.2535594 1.4178829 1.3273429 1.2748995 1.0675797 1.1891540 
Erinaceus_europaeus____eulipotyphla_XP_016050331.1_PREDICTED__LOW_QUALITY_PROTEIN__zinc_finger_protein_208__Erinaceus_europaeus_                     1.0413931 0.9808209 1.1463001 1.2043578 0.9269854 1.0196945 0.7905793 1.1852960 1.3479431 0.3598417 1.0510109 1.1230513 0.9642207 1.1056441 0.7635261 0.6523153 2.3824549 1.0520463 0.8842831 1.0669818 0.0000000 1.0501411 1.0830268 1.2839959 1.0644326 0.7275231 1.0074406 1.0122668 1.1618528 2.4769546 1.5540327 1.0717867 0.8299980 1.2839959 1.0685033 1.0302647 1.2786284 1.0333311 1.1772245 0.7521348 0.9100690 1.1053290 1.5540327 1.1553485 1.4773638 1.1452319 0.8301817 0.6331615 0.9106347 1.1949516 1.2275321 0.7577332 1.1844387 0.8240066 1.1629443 1.0807648 1.0049279 0.8795463 1.2131154 1.1969287 0.9708013 1.0074374 0.8987542 1.3411821 1.0519622 1.0125509 1.3324428 1.2364669 1.4812442 1.3090092 1.0399124 1.0221176 1.0984719 0.1914364 1.2866892 0.6753613 1.1172536 2.3577699 1.0985520 1.2271615 1.1114541 1.0717867 1.2655055 0.6834135 1.1284917 1.1044783 2.3737529 1.3095621 1.0767476 1.3059994 0.9770685 0.9797797 1.1837780 1.2810987 1.2609253 0.8920123 0.9202453 
Pan_troglodytes____panina_XP_009433443.2_zinc_finger_protein_99__Pan_troglodytes_                                                                    0.5228202 1.2805468 1.1574170 1.1483015 1.1586524 0.6204536 1.1937114 1.3935829 1.1764591 0.9667201 0.5326049 0.4914252 1.3093995 1.2348711 1.0404254 1.0543550 2.5702486 0.4937492 1.2820246 1.2995713 1.0501411 0.0000000 0.5624047 1.2487977 1.3805567 1.0617964 1.1848914 1.1567611 1.2096670 2.5439575 1.4094675 0.5156488 1.3376992 1.2487977 0.2320951 0.5078607 1.0190212 0.4991267 1.2544162 1.2347050 0.5221536 0.8615352 1.4094675 1.3598200 1.2611423 1.4228401 0.6993829 1.0498261 1.1486380 0.6927080 1.1700513 1.0804886 1.1533019 1.1920085 1.1693245 0.4714675 0.5101785 1.1218834 1.1811182 1.0699526 1.1939803 1.2865650 1.2728566 1.4591039 0.4626081 1.0071334 1.2192440 1.2113704 1.1947602 1.2264088 0.2302086 0.5118850 1.2130877 0.9235152 1.3499031 0.9718180 1.2601688 2.4658232 0.5077932 0.8923252 1.1867638 0.5156488 1.3765625 1.0329933 0.5671092 1.1103824 2.4872978 1.2133044 1.3205020 1.2558851 1.2637529 1.1949762 0.0924615 1.3847842 1.3575580 1.1470509 0.4475027 
Gorilla_gorilla____gorillini_XP_018886338.1_PREDICTED__LOW_QUALITY_PROTEIN__zinc_finger_protein_107-like__Gorilla_gorilla_gorilla_                   0.5969702 1.2983448 1.1481029 1.2021674 1.2319219 0.6865191 1.2793981 1.3846683 1.4472004 0.9831863 0.6184272 0.6240131 1.3619584 1.3436608 1.1159036 1.1247575 2.7999804 0.6165627 1.2063857 1.3466506 1.0830268 0.5624047 0.0000000 1.3774528 1.2505768 1.0583315 1.2758218 1.0974869 1.3450394 2.8591943 1.5682499 0.6185002 1.2685988 1.3774528 0.5774891 0.6152278 1.0586180 0.6132811 1.2460496 1.2502471 0.5324621 1.0162204 1.5682499 1.3185712 1.2732106 1.4215933 0.7006975 1.0203479 1.1821702 0.6787549 1.2102787 1.0757272 1.1410779 1.1854285 1.1820053 0.5977421 0.5674834 1.1559723 1.3055080 1.1001730 1.1107827 1.2837845 1.2719376 1.6693065 0.6151177 1.0118886 1.2388175 1.2509489 1.1493716 1.2838919 0.6122840 0.6054770 1.1863421 0.9449891 1.3338991 1.0593616 1.1747024 2.7253085 0.5689787 1.0345405 1.3111701 0.6185002 1.2443773 1.0709318 0.6666971 1.1984367 2.6613261 1.1891077 1.4042351 1.3774528 1.1529122 1.1987132 0.5963104 1.2910487 1.2910846 1.0721843 0.5451112 
Ornithorhynchus_anatinus____monotrememata_XP_028929209.1_uncharacterized_protein_LOC100089426_isoform_X1__Ornithorhynchus_anatinus_                  1.3166665 1.3771895 1.5448343 1.4027818 1.4927138 1.5001901 1.3942901 1.8872561 1.6070260 1.1616502 1.3158932 1.5519462 1.5719091 1.6328737 1.2744001 1.2684510 2.8148155 1.4177659 1.5149834 1.7278963 1.2839959 1.2487977 1.3774528 0.0000000 1.9782411 1.3045827 1.5027151 1.4056232 1.5824269 2.7965108 1.8806844 1.3878172 1.3250150 0.0000010 1.2863994 1.3400009 1.4140228 1.3729770 1.6547473 1.5137763 1.3029679 1.3581071 1.8806844 1.4991100 1.4135701 1.7865797 1.5917852 1.1569548 1.4218155 1.5285118 1.5236571 1.3363502 1.3997604 1.2623632 1.4672611 1.3819328 1.3088599 1.4338282 1.5030811 1.2470694 1.5155194 1.5706405 1.4363367 1.8571314 1.3250920 1.4788632 1.8779180 1.4615073 1.2636168 1.6278971 1.3124591 1.3237016 1.5074810 1.2312721 1.5858395 1.2712949 1.5896629 2.6247746 1.3636061 1.4297466 1.6338036 1.3878172 1.7487607 1.4139332 1.4357632 1.2857614 2.8290884 1.5151635 1.6900662 0.0000010 1.3805363 1.9178151 1.4594554 1.7665758 1.7638256 1.2277772 1.2787430 
Tupaia_chinensis____scandentia_XP_027624595.1_zinc_finger_protein_197_isoform_X3__Tupaia_chinensis_                                                  1.1924800 1.2122016 1.2025070 1.2727887 1.0431313 1.3470348 1.2330055 1.2227644 1.2061136 1.0102994 1.3490842 1.3428613 1.3730060 1.3258884 0.9482446 1.0878408 2.7930303 1.2363656 1.1983766 1.2137590 1.0644326 1.3805567 1.2505768 1.9782411 0.0000000 1.1681720 1.1287983 1.3578490 1.2727357 2.8819682 1.3057049 1.2078810 1.1643986 1.9782411 1.4511122 1.1977685 1.2331370 1.2162923 1.1723880 1.3214631 1.1595895 1.5488235 1.3057049 1.1274397 1.1899831 1.2447761 1.4702122 1.0828401 1.2056682 1.2257819 1.2812151 1.1570044 1.2640991 1.1124478 1.1619019 1.2684506 1.3238478 1.2609478 1.2481339 1.1649192 1.3348158 1.1050420 1.3283766 1.6466563 1.3459402 1.1582846 1.4448723 1.1356547 1.4684767 1.5215901 1.4499288 1.2093695 1.0504063 0.9762655 1.1709021 0.9768659 1.1263527 2.6449856 1.2850147 1.6221693 1.2247429 1.2078810 1.1686691 1.1443612 1.3295820 1.2286751 2.7331925 1.2860340 1.3005072 1.6140032 1.0577001 1.6049347 1.4538821 1.2018661 1.2065289 1.0722653 1.2193987 
Mandrillus_leucophaeus____cercopithecoidea_XP_011840165.1_PREDICTED__LOW_QUALITY_PROTEIN__zinc_finger_protein_850__Mandrillus_leucophaeus_           1.0742878 1.0246863 1.1329014 1.2887122 0.9160185 0.9890942 0.9553577 1.2707010 1.2087870 0.7788977 1.0361908 1.0584421 1.0397436 1.1937344 0.7798738 0.7938337 2.6841392 1.0687429 0.9871021 1.0252902 0.7275231 1.0617964 1.0583315 1.3045827 1.1681720 0.0000000 0.9907668 1.0312571 1.0759869 2.7193385 1.1523694 1.0991170 0.9252146 1.3045827 1.0748163 1.0542665 1.1640611 1.0454748 0.9278489 0.8908218 1.0092081 1.2447680 1.1523694 1.0877175 1.1041663 1.1299715 0.9833000 0.7513161 1.0393179 1.1530988 1.2898831 0.0914423 1.2640641 0.9640669 1.1667315 1.0730045 1.0301876 1.1159006 1.0930838 1.2375085 1.0640306 0.9048938 0.9313895 1.4480541 1.0717048 0.9509442 1.4060576 1.0717476 1.1908351 1.3552462 1.0768394 1.0781034 0.9915142 0.7062879 1.1947863 0.6166949 1.0428264 2.5588890 1.1192572 1.3864058 1.0374862 1.0991170 1.1370978 0.7943377 1.1185489 1.0297665 2.5795889 1.2032226 1.1793740 1.3088827 0.9678951 1.0965270 1.1054991 1.1849310 1.1604774 0.9477141 0.9413640 
Oryctolagus_cuniculus____lagomorpha_XP_017194014.1_PREDICTED__LOW_QUALITY_PROTEIN__zinc_finger_protein_470__Oryctolagus_cuniculus_                   1.1264067 1.1524962 1.2889190 1.2859615 0.9566597 1.1101960 1.1500045 1.0906713 1.2903263 0.9085347 1.2339757 1.2251240 1.3159166 1.1860288 1.0386684 0.9333419 2.6753623 1.1283968 1.1489132 1.1394594 1.0074406 1.1848914 1.2758218 1.5027151 1.1287983 0.9907668 0.0000000 1.1336889 1.4297219 2.6315425 1.1003530 1.1357448 1.1830636 1.5027151 1.2257357 1.0897933 1.1918857 1.1026640 1.0081666 1.1742879 1.0526517 1.4441289 1.1003530 1.0110039 1.0774664 1.0474291 1.0781361 1.0133066 0.9291924 1.2280635 1.3434320 1.0403354 1.3300257 1.0720441 1.2621544 1.1205124 1.1478977 1.1580602 1.2542709 1.2490657 1.1884714 0.9643676 0.7308283 1.5300612 1.1813317 1.1088664 1.4194558 1.2024104 1.4887988 1.3685645 1.2533001 1.1114254 0.5287622 0.8747260 1.3224133 0.9265488 1.1653375 2.4879252 1.1743139 1.4257385 1.0873418 1.1357448 1.2924685 0.9302115 1.2323617 1.1087711 2.5501847 1.3724232 1.1274351 1.4606692 0.9976017 1.1430332 1.2602858 1.3125633 1.2755489 1.0944447 1.0976645 
Equus_caballus____perissodactyla_XP_023477056.1_zinc_finger_protein_850__Equus_caballus_                                                             1.0714073 1.1188863 1.1672871 1.3063190 1.0332302 1.1834857 1.1774731 1.3626520 1.2911378 0.9074305 1.2476334 1.2169633 1.3920951 1.2143083 1.0339834 1.0219899 2.6667023 1.1743210 1.1457135 1.1396462 1.0122668 1.1567611 1.0974869 1.4056232 1.3578490 1.0312571 1.1336889 0.0000000 1.1825525 2.6815975 1.3168963 1.1449220 1.0315823 1.4056232 1.1874365 1.1129704 1.1190903 1.1189975 1.3418920 1.1451350 1.1059655 1.5151412 1.3168963 1.1101513 1.0869368 1.3491115 1.0575484 0.8839817 1.2420236 1.2833207 1.1562355 1.0516483 1.2970743 0.9751064 1.1077641 1.1906243 1.1716469 1.1528959 1.3069483 1.1597475 1.1573159 1.0770183 1.2209345 1.5873758 1.2154732 1.0234257 1.4286168 1.1590056 1.2438172 1.4103886 1.2559495 1.0230297 0.9961291 0.9612739 1.2442639 0.9838113 1.1189240 2.4608141 1.1240249 1.5725471 1.2103673 1.1449220 1.2949668 1.0863728 1.2528753 1.1377907 2.5522869 1.2965758 1.3700974 1.3523700 1.0944241 1.2930392 1.3321293 1.3226208 1.2722860 0.9178864 0.9954491 
Dasypus_novemcinctus____xenarthra_XP_012381290.1_zinc_finger_protein_665-like__Dasypus_novemcinctus_                                                 1.1764455 1.4127934 0.4291583 1.2802371 1.1539140 1.3032540 1.2080437 1.4333507 1.4923774 1.0065346 1.3155117 1.3728977 1.3114545 1.2699208 1.2356570 1.0768204 1.9562637 1.2722786 1.4613086 1.4398094 1.1618528 1.2096670 1.3450394 1.5824269 1.2727357 1.0759869 1.4297219 1.1825525 0.0000000 1.9670594 1.4656521 1.2770484 1.2704390 1.5824269 1.2692803 1.1616776 1.0674719 1.1967275 1.3824770 1.5082174 1.1049977 1.3139411 1.4656521 1.4658209 1.4308812 1.2789800 1.0197780 0.9497445 1.0206141 1.3004482 1.2630548 1.1024629 1.2494509 1.1326702 0.7600099 1.3521255 1.3270290 1.1467475 1.3379476 1.2750171 1.3029786 1.2926482 1.4996353 1.5722916 1.2973611 0.7448040 1.4824216 1.3173644 1.5058815 1.4488041 1.2730341 1.1664266 1.2064594 0.9287767 1.5308890 1.2174011 1.4240641 2.0243494 1.2337437 1.3711765 1.3048731 1.2770484 1.5564646 1.1401625 1.4206036 1.1171857 1.9185368 1.1186174 1.3350055 1.5723002 0.9315681 1.3810220 1.3262299 1.6462475 1.6037241 1.1979356 1.1150954 
Cebus_capucinus____platyrrhini_XP_017379964.1_PREDICTED__LOW_QUALITY_PROTEIN__zinc_finger_protein_648__Cebus_capucinus_imitator_                     2.3519565 2.5440805 2.8682016 2.6316893 2.5138599 2.5506702 2.7881848 1.7411342 2.0049672 2.5194412 2.6998408 2.5591119 2.9476450 2.6515696 2.6333070 2.4903598 0.1415447 2.3233477 2.5711339 2.6833189 2.4769546 2.5439575 2.8591943 2.7965108 2.8819682 2.7193385 2.6315425 2.6815975 1.9670594 0.0000000 2.7598841 2.2915935 2.5963572 2.7965108 2.6655913 2.3264098 2.2145965 2.3233477 2.5966044 3.2140320 2.4529441 3.0260210 2.7598841 2.4894229 2.4793230 2.8126611 2.7817520 2.9397342 2.8985500 2.6118580 2.3895112 2.6859895 2.6298812 2.5355287 2.5564974 2.6832861 2.6402310 2.6889085 2.5534979 2.7954400 2.8104366 2.3325636 3.2712232 3.0764722 2.7600807 2.5073036 2.8696434 2.4122182 4.4965407 2.7715469 2.5526857 2.2613031 2.7033955 2.5212857 2.5276918 2.4136254 2.6025109 0.3162385 2.4352278 3.0161849 2.5713811 2.2915935 2.8262590 2.7151174 2.8402640 2.7130227 0.2042225 3.2393430 2.8055363 2.7790537 2.6552801 2.6638425 2.7970514 2.8310235 2.7502906 2.5002255 2.5203071 
Phascolarctos_cinereus____metatheria_XP_020827824.1_zinc_finger_protein_208-like__Phascolarctos_cinereus_                                            1.4404747 1.2310824 1.4792265 1.4110082 1.1421936 1.5342751 1.1477303 1.4956513 1.4854458 1.0874742 1.5504346 1.5454242 1.3007090 1.2877325 1.2012439 1.2230384 2.7153423 1.4937717 1.6371132 1.4177437 1.5540327 1.4094675 1.5682499 1.8806844 1.3057049 1.1523694 1.1003530 1.3168963 1.4656521 2.7598841 0.0000000 1.4672821 0.9959977 1.8806844 1.4406090 1.4229420 1.2799328 1.4707980 1.3261106 1.3350224 1.3881804 1.6840153 0.0000010 1.2232732 1.5839912 1.2783335 1.3678899 0.7987266 1.1871458 1.5731596 1.3704235 1.1570114 1.4293127 1.1322265 1.3812086 1.4932714 1.4821675 1.2003054 1.3845701 1.2697210 1.3964481 1.2090450 1.1496185 1.7041801 1.4461090 1.3363251 1.5713674 1.3369309 1.2333698 1.6150211 1.4896207 1.4582838 1.1314589 1.1374710 1.3695982 1.2077396 1.2694658 2.5484961 1.4965042 1.6962225 1.3923111 1.4672821 1.3992075 1.1567514 1.4618303 1.3604591 2.6115337 1.3019066 1.3132204 1.8401060 0.7814773 1.3495395 1.5808086 1.4363612 1.4445838 1.0143861 1.2793766 
Pan_troglodytes____panina_XP_024207564.1_zinc_finger_protein_91_isoform_X2__Pan_troglodytes_                                                         0.0124684 1.3514378 1.2498088 1.1380542 1.1969335 0.6816328 1.2342165 1.3871645 1.1987368 0.9394103 0.6088732 0.1815737 1.2976044 1.2732297 0.9929314 1.0308353 2.2716798 0.0127840 1.2119268 1.2699149 1.0717867 0.5156488 0.6185002 1.3878172 1.2078810 1.0991170 1.1357448 1.1449220 1.2770484 2.2915935 1.4672821 0.0000000 1.3193064 1.3878172 0.5541126 0.0000010 1.0681899 0.0121920 1.2468768 1.2799584 0.5506795 0.8588235 1.4672821 1.2681167 1.2610156 1.3377761 0.6625520 1.0502273 1.1080652 0.6026320 1.0802704 1.0921914 1.1134262 1.1973367 1.2393497 0.1475965 0.5451133 1.0836558 1.2639001 1.0642667 1.0971263 1.2696199 1.2208853 1.5287535 0.5811000 1.1239154 1.1220961 1.2259327 1.2288057 1.2481239 0.5500249 0.0229777 1.2051377 0.8694349 1.2531289 1.0142472 1.2201318 2.1610024 0.5482387 0.9277496 1.1685883 0.0000010 1.2667345 1.0669316 0.4179947 1.2169528 2.2087092 1.1455584 1.3252982 1.3974252 1.2166824 1.1131312 0.5608378 1.3205618 1.2550820 1.1883906 0.5622117 
Oryctolagus_cuniculus____lagomorpha_XP_017194024.1_PREDICTED__LOW_QUALITY_PROTEIN__zinc_finger_protein_585A-like__partial__Oryctolagus_cuniculus_    1.2103817 1.0138223 1.3212806 1.2694416 0.8561918 1.3595391 1.0645702 1.2866650 1.4229101 0.8973018 1.3422006 1.4972725 1.1593774 1.1843206 0.9515691 0.9980980 2.5189481 1.3474761 0.8873628 1.1617690 0.8299980 1.3376992 1.2685988 1.3250150 1.1643986 0.9252146 1.1830636 1.0315823 1.2704390 2.5963572 0.9959977 1.3193064 0.0000000 1.3250150 1.3895572 1.3120999 1.1196945 1.3121859 1.1858180 0.9286668 1.2715004 1.3795275 0.9959977 1.0549969 0.9574526 1.2142671 1.1227895 0.3472317 0.8932836 1.4022545 1.3119993 0.9640931 1.2726878 0.7779486 1.2690457 1.4381840 1.3029461 0.9712727 1.2353600 1.2241181 1.1102410 1.0769265 1.0373408 1.6116139 1.3396516 1.1367945 1.3729988 1.2530437 1.2243569 1.3601135 1.4133540 1.2247449 1.1444841 0.9116071 1.0739824 0.7974435 0.9941771 2.4761889 1.3594628 1.4915648 1.1423260 1.3193064 1.1010902 0.9631469 1.3821642 1.0490498 2.5277567 1.2894054 1.2129540 1.2545499 0.7941493 1.1188864 1.4848979 1.1962245 1.1419230 0.8257722 1.1781535 
Ornithorhynchus_anatinus____monotrememata_XP_028929208.1_uncharacterized_protein_LOC100089426_isoform_X1__Ornithorhynchus_anatinus_                  1.3166665 1.3771895 1.5448343 1.4027818 1.4927138 1.5001901 1.3942901 1.8872561 1.6070260 1.1616502 1.3158932 1.5519462 1.5719091 1.6328737 1.2744001 1.2684510 2.8148155 1.4177659 1.5149834 1.7278963 1.2839959 1.2487977 1.3774528 0.0000010 1.9782411 1.3045827 1.5027151 1.4056232 1.5824269 2.7965108 1.8806844 1.3878172 1.3250150 0.0000000 1.2863994 1.3400009 1.4140228 1.3729770 1.6547473 1.5137763 1.3029679 1.3581071 1.8806844 1.4991100 1.4135701 1.7865797 1.5917852 1.1569548 1.4218155 1.5285118 1.5236571 1.3363502 1.3997604 1.2623632 1.4672611 1.3819328 1.3088599 1.4338282 1.5030811 1.2470694 1.5155194 1.5706405 1.4363367 1.8571314 1.3250920 1.4788632 1.8779180 1.4615073 1.2636168 1.6278971 1.3124591 1.3237016 1.5074810 1.2312721 1.5858395 1.2712949 1.5896629 2.6247746 1.3636061 1.4297466 1.6338036 1.3878172 1.7487607 1.4139332 1.4357632 1.2857614 2.8290884 1.5151635 1.6900662 0.0000010 1.3805363 1.9178151 1.4594554 1.7665758 1.7638256 1.2277772 1.2787430 
Pongo_abelii____ponginae_XP_024093053.1_LOW_QUALITY_PROTEIN__zinc_finger_protein_729__Pongo_abelii_                                                  0.5657119 1.3333409 1.1743038 1.1283718 1.1666164 0.6883621 1.2378816 1.4436741 1.2700276 0.9553054 0.5632668 0.5503111 1.2893887 1.2774468 1.0454081 1.0626797 2.6133826 0.5383148 1.3324799 1.3279103 1.0685033 0.2320951 0.5774891 1.2863994 1.4511122 1.0748163 1.2257357 1.1874365 1.2692803 2.6655913 1.4406090 0.5541126 1.3895572 1.2863994 0.0000000 0.5463080 1.0901772 0.5424242 1.2361486 1.2749447 0.5800058 0.9439968 1.4406090 1.3321300 1.2851374 1.4788498 0.7473594 1.0795735 1.1576670 0.7313550 1.1811122 1.0913749 1.1079944 1.1716004 1.1673608 0.5347084 0.5395028 1.1672584 1.2192352 1.0335913 1.2162821 1.3148566 1.2874428 1.5281938 0.5015073 1.0556510 1.2812896 1.2482713 1.1166551 1.2190602 0.1603546 0.5544636 1.1865950 0.9228789 1.4076352 1.0090977 1.2922643 2.5237083 0.5449926 0.9652397 1.2841647 0.5541126 1.4228717 1.0806534 0.6084872 1.1701192 2.5423230 1.1753530 1.3430802 1.2750630 1.2668914 1.2656150 0.2835983 1.4064928 1.3847784 1.1667992 0.5105929 
