97
Homo_sapiens____homonina_XP_006722943.1_zinc_finger_protein_91_isoform_X3__Homo_sapiens_                                                             0.0000000 0.8125965 0.6787479 0.8420623 0.6604184 0.4551647 0.6950164 0.7380932 0.6432325 0.5944867 0.4273519 0.1214037 0.7882110 0.8354073 0.5878836 0.6502562 2.1530183 0.0000010 0.6603736 0.7771195 0.6112662 0.3725047 0.4461904 0.9981108 0.8555791 0.6658630 0.7657828 0.7323038 0.7162186 2.1742186 0.8281885 0.0057762 0.6861079 0.9981108 0.3993444 0.0057762 0.5844559 0.0000010 0.7067949 0.6881879 0.3912338 0.5220906 0.8281885 0.8005997 0.6983425 1.0535660 0.4677738 0.6037470 0.8466316 0.4166786 0.6803993 0.6705823 0.8183354 0.6966153 0.7342935 0.1037334 0.4314856 0.7299327 0.6429802 0.7398021 0.8110812 0.7010838 0.7005914 0.9682215 0.4002821 0.5588853 0.7968009 0.6194621 0.6952227 0.9165887 0.4365012 0.0161498 0.7451660 0.6261225 0.7272101 0.5263583 0.7048305 2.0769552 0.4026891 0.5950424 0.9043992 0.0057762 0.7233162 0.6450570 0.3385972 0.6282824 2.0736738 0.6964600 0.8417940 0.9981108 0.9604886 0.8285167 0.3996995 0.7436048 0.7121056 0.6453647 0.3811727 
Loxodonta_africana____afrotheria_XP_023399395.1_zinc_finger_protein_271-like__Loxodonta_africana_                                                    0.8125965 0.0000000 0.7808635 0.9047982 0.6908020 0.8262961 0.7504832 0.8231066 0.8073339 0.5924975 0.8650566 0.9176751 0.9148832 0.9411953 0.6615630 0.7461806 2.1664315 0.8183450 0.6842944 0.7640376 0.6221371 0.8921106 0.8974082 1.0324666 0.8600665 0.6623540 0.7339278 0.7922830 0.8283239 2.1569497 0.8136134 0.8148246 0.6724056 1.0324666 0.9234668 0.8148246 0.7197578 0.8183450 0.7474851 0.7377605 0.7866924 0.9978430 0.8136134 0.7324270 0.6947213 1.1086760 0.8004465 0.6089619 0.9547259 0.8166412 0.9536286 0.6746213 0.9072296 0.7023056 0.7795544 0.8488813 0.9060157 0.7790268 0.7895372 0.8166578 0.8494493 0.7480879 0.5935975 1.0591034 0.8975759 0.6169447 1.0651415 0.8076106 0.6889779 1.0428846 0.9695247 0.8240666 0.7696215 0.6607731 0.7402181 0.5894731 0.6947201 2.1443610 0.8685150 1.1112271 0.8723223 0.8148246 0.7034700 0.7241128 0.9067338 0.7723907 2.1691949 0.8240868 0.9258439 1.0275776 0.8823492 0.9216689 0.9021320 0.7051892 0.6808893 0.6702028 0.7895264 
Dasypus_novemcinctus____xenarthra_XP_012375896.1_zinc_finger_protein_836-like__Dasypus_novemcinctus_                                                 0.6787479 0.7808635 0.0000000 0.9328801 0.6361596 0.5970125 0.7632033 0.7358519 0.6578125 0.5939532 0.7046018 0.7340579 0.8368790 0.9631463 0.5910050 0.7047390 2.4201717 0.6540930 0.6991908 0.7231404 0.6037116 0.7318123 0.7580054 1.0419090 0.7610417 0.6866635 0.7927375 0.7672300 0.3695038 2.4454490 0.7767831 0.6611257 0.6415772 1.0419090 0.7533713 0.6468530 0.6001667 0.6540930 0.7149436 0.7345044 0.6410764 0.7141199 0.7767831 0.7004014 0.6997984 1.0866007 0.6919368 0.4964443 0.8806830 0.6916099 0.7105157 0.6863003 0.8769555 0.7091906 0.4995553 0.6943347 0.7529282 0.6981917 0.6317429 0.8067958 0.9140790 0.6828123 0.6788397 0.9341746 0.7295040 0.4763718 0.8603724 0.6292612 0.6819717 1.0579232 0.7865368 0.6789462 0.8255908 0.6414094 0.6849553 0.5222812 0.7073593 2.5629847 0.7368394 0.7915721 0.7749230 0.6611257 0.6862555 0.6573326 0.7289395 0.5851015 2.4390972 0.6806622 0.9426792 1.0712356 0.8720024 0.7702482 0.7444274 0.6929756 0.6757395 0.6231229 0.6214373 
Balaenoptera_acutorostrata____cetartiodactyla_XP_028018889.1_zinc_finger_protein_45__Balaenoptera_acutorostrata_scammoni_                            0.8420623 0.9047982 0.9328801 0.0000000 0.8754253 0.8239463 0.8846540 1.1270549 0.9699860 0.8398425 0.8477773 0.9648788 1.0024631 1.1701561 0.8891706 0.8293170 2.3160107 0.8437836 0.9341603 0.9483914 0.8718107 0.8959846 0.9920442 1.0594567 1.0448362 0.8868896 0.9474192 1.0049320 0.9240476 2.3728664 1.0019705 0.8286008 0.8974317 1.0594567 0.8953739 0.8274056 0.8724283 0.8437836 1.0598327 0.9550626 0.8508435 0.9214843 1.0019705 0.9583549 0.9005356 1.2134605 0.8520986 0.9082766 1.0901354 0.8638083 0.9812012 0.9080245 0.1500941 0.9459789 0.9574239 0.8540762 0.9545349 0.8926321 0.8734428 0.5909364 1.0265778 1.0307657 0.7953907 1.1708156 0.9280351 0.8067938 1.2658125 0.8974299 0.5407757 0.2864421 0.9537627 0.8385396 0.8640179 0.8913447 1.1364726 0.8241175 0.9564673 2.3456044 0.9321440 1.0768311 1.0380099 0.8286008 0.9945126 0.9515545 0.9477779 0.8632793 2.2635931 0.9789306 1.0501128 1.0739142 0.9795476 1.0392677 0.9562644 0.9915950 0.9740577 0.8570380 0.8586772 
Panthera_tigris____carnivora_XP_015399575.1_PREDICTED__zinc_finger_protein_850_isoform_X1__Panthera_tigris_altaica_                                  0.6604184 0.6908020 0.6361596 0.8754253 0.0000000 0.7286240 0.5517417 0.6131232 0.6358827 0.4521671 0.7023737 0.7079725 0.6642445 0.7561436 0.5333031 0.5567470 2.0194496 0.6503812 0.5631051 0.5938507 0.4672739 0.7607613 0.8296375 1.0197131 0.6217562 0.4960004 0.6016910 0.6720858 0.6189855 2.0642686 0.5969479 0.6539361 0.4581282 1.0197131 0.7746695 0.6490077 0.6480480 0.6503812 0.5059323 0.5679871 0.6351527 0.8795090 0.5969479 0.5846983 0.5646473 0.8929755 0.6943807 0.3678845 0.7890963 0.7031592 0.7229483 0.5265205 0.8488155 0.5609824 0.6309516 0.6911876 0.7664813 0.5763970 0.6762608 0.7337753 0.7024497 0.5571991 0.4719492 0.8405062 0.7440676 0.5004332 1.0048149 0.7065160 0.6577058 0.8814798 0.7968420 0.6915350 0.6661111 0.4896896 0.6297220 0.4211187 0.6078282 2.0288199 0.7356283 1.0015801 0.7176440 0.6539361 0.6025883 0.5478559 0.8038575 0.6116217 1.9132086 0.7209889 0.6932596 1.0375618 0.6946109 0.7361248 0.7715262 0.6588041 0.6434882 0.4827061 0.6225261 
Carlito_syrichta____tarsiidae_XP_021565913.1_zinc_finger_protein_208-like__Carlito_syrichta_                                                         0.4551647 0.8262961 0.5970125 0.8239463 0.7286240 0.0000000 0.6978002 0.8177847 0.6807087 0.5697241 0.4474371 0.4994843 0.7697604 0.9073669 0.5989955 0.6662719 2.1484999 0.4461662 0.6922848 0.7957889 0.6060181 0.4457555 0.5063325 1.0028050 0.8585444 0.6306144 0.7281895 0.7720448 0.7170613 2.1616694 0.8863928 0.4479243 0.7116385 1.0028050 0.4879572 0.4417246 0.6718128 0.4461662 0.7519718 0.6790203 0.4019959 0.5054410 0.8863928 0.8021062 0.7048142 1.0958374 0.4950075 0.6325761 0.8464978 0.4807140 0.8184682 0.6366768 0.8369253 0.8032019 0.6310377 0.4771755 0.5101810 0.7172661 0.6892825 0.7556124 0.8116614 0.7466503 0.6017739 0.9505664 0.4636019 0.5604002 0.9084289 0.7410375 0.6468169 0.9241860 0.4990618 0.4499387 0.7737332 0.6329066 0.7936738 0.5541878 0.8003778 2.0909547 0.4711994 0.6138405 0.8551128 0.4479243 0.8260312 0.6703832 0.5173530 0.6428287 2.0305453 0.7508101 0.8543130 1.0192462 0.8910488 0.8504753 0.4767524 0.8547824 0.8302729 0.6817508 0.3855615 
Ursus_arctos____carnivora_XP_026338220.1_LOW_QUALITY_PROTEIN__zinc_finger_protein_573__Ursus_arctos_horribilis_                                      0.6950164 0.7504832 0.7632033 0.8846540 0.5517417 0.6978002 0.0000000 0.7009764 0.7656679 0.4940487 0.7110403 0.7295574 0.3169544 0.7521132 0.5035565 0.6071881 2.1949604 0.6807365 0.5742219 0.6645098 0.4965701 0.7456510 0.8543014 0.9854163 0.7579387 0.5194663 0.6650908 0.7076698 0.6902514 2.3646717 0.6892294 0.6885970 0.6260028 0.9854163 0.8001573 0.6834860 0.6720161 0.6807365 0.6443252 0.5797501 0.6638246 0.8275084 0.6892294 0.6478863 0.6553912 0.8467429 0.6910726 0.4923228 0.7622021 0.7230835 0.7683062 0.5417045 0.8628773 0.6500027 0.7040235 0.7254956 0.8155310 0.6247656 0.7516126 0.7674483 0.8086530 0.5881324 0.5634381 0.8701959 0.7437715 0.5717176 1.0962666 0.7659167 0.7275760 0.9589584 0.8259272 0.6873372 0.6383729 0.5316471 0.7017581 0.4207248 0.6729067 2.1120992 0.7837290 0.9680430 0.7394500 0.6885970 0.7026776 0.5497830 0.7783633 0.6886221 2.1174868 0.7241510 0.7105788 1.0078935 0.7383864 0.8569427 0.7715184 0.7524193 0.7366477 0.6173070 0.6901097 
Balaenoptera_acutorostrata____cetartiodactyla_XP_028021489.1_LOW_QUALITY_PROTEIN__zinc_finger_protein_850-like__Balaenoptera_acutorostrata_scammoni_ 0.7380932 0.8231066 0.7358519 1.1270549 0.6131232 0.8177847 0.7009764 0.0000000 0.7236296 0.6334530 0.9066528 0.9238758 0.9176111 0.7450608 0.5690182 0.7258342 1.3775129 0.7731416 0.6615892 0.7156277 0.6271122 0.8937557 0.9785908 1.2019166 0.6631150 0.6755777 0.6562077 0.6308280 0.7344075 1.3700315 0.7335440 0.7343782 0.6533179 1.2019166 0.9176139 0.7767597 0.6544041 0.7731416 0.6648330 0.8345969 0.7865841 1.0550544 0.7335440 0.6935752 0.7952134 0.7775652 0.8659796 0.5179507 0.7682038 0.8296812 0.8527286 0.7342552 1.0806474 0.7399293 0.8393144 0.9100256 0.9915920 0.8018742 0.7815601 0.8570524 0.9697455 0.6910139 0.9219508 1.1189252 0.9179785 0.6452156 1.0429017 0.7032815 1.1374152 1.1499897 0.9478884 0.7289754 0.7676807 0.6358858 0.6085353 0.5766982 0.5240136 1.3065945 0.8082617 1.1701493 0.8005361 0.7343782 0.5480891 0.7131978 0.9477046 0.7409098 1.4151423 0.7844613 0.7896912 1.1368570 0.7266474 0.8524299 0.9375911 0.5508631 0.5702360 0.6102714 0.7757973 
Propithecus_coquereli____indriidae_XP_012498850.1_PREDICTED__zinc_finger_protein_665-like__Propithecus_coquereli_                                    0.6432325 0.8073339 0.6578125 0.9699860 0.6358827 0.6807087 0.7656679 0.7236296 0.0000000 0.6096925 0.7167905 0.6210633 0.8470624 0.8769436 0.6613544 0.6645439 1.7640411 0.6105466 0.7996635 0.7574923 0.6527061 0.6827601 0.8281729 1.0301609 0.7526264 0.7387744 0.7427521 0.7438672 0.6817961 1.7517079 0.7901942 0.6298621 0.6756077 1.0301609 0.7772978 0.6149119 0.6229225 0.6105466 0.7329189 0.6590551 0.6307675 0.8879837 0.7901942 0.7165688 0.7029711 0.8451238 0.7622482 0.6179574 0.9687944 0.7142730 0.4648205 0.7478586 0.9405041 0.7740694 0.6844241 0.6447193 0.7760779 0.7554222 0.5284640 0.8392615 0.8799696 0.7185002 0.7176822 1.0098433 0.7757799 0.5655433 0.9783000 0.4948115 0.7905621 1.0656790 0.7495570 0.6278807 0.7634789 0.6468101 0.7475075 0.5510746 0.7685604 1.7209375 0.7102579 1.0610031 0.6599945 0.6298621 0.8317829 0.6597282 0.7654969 0.5506007 1.7852074 0.6129829 0.8193877 1.0559297 0.7286699 0.7829266 0.7165348 0.8350683 0.8366122 0.6410028 0.6141682 
Carlito_syrichta____tarsiidae_XP_008054518.2_zinc_finger_protein_571__Carlito_syrichta_                                                              0.5944867 0.5924975 0.5939532 0.8398425 0.4521671 0.5697241 0.4940487 0.6334530 0.6096925 0.0000000 0.6166155 0.5910812 0.5594402 0.6762647 0.3855116 0.4129498 2.1052881 0.5698816 0.4724061 0.6061454 0.1690435 0.6669399 0.6544460 0.9078714 0.6255149 0.4324523 0.5577467 0.5986330 0.6461799 2.1627394 0.6368004 0.5803012 0.5108597 0.9078714 0.6821986 0.5732262 0.5737453 0.5698816 0.5550056 0.4527121 0.5585400 0.6858475 0.6368004 0.5827320 0.5985778 0.8277893 0.6028517 0.4257789 0.6852432 0.6228996 0.6507849 0.4413882 0.8199606 0.5582166 0.5542744 0.5875884 0.6513182 0.5473414 0.5863638 0.7125014 0.6668604 0.5022910 0.4339629 0.7627847 0.6786546 0.4306365 0.9964374 0.5986357 0.5955899 0.8933531 0.6868416 0.5978226 0.6133979 0.1682426 0.6378550 0.3250097 0.6206927 2.0097992 0.6605008 0.8124559 0.6897973 0.5803012 0.6538215 0.3894513 0.6637719 0.5709784 2.0197990 0.6757927 0.6403254 0.9264000 0.6934299 0.6779166 0.6746895 0.6625479 0.6490889 0.4993248 0.5417156 
Pongo_abelii____ponginae_XP_024093056.1_zinc_finger_protein_208_isoform_X1__Pongo_abelii_                                                            0.4273519 0.8650566 0.7046018 0.8477773 0.7023737 0.4474371 0.7110403 0.9066528 0.7167905 0.6166155 0.0000000 0.4324054 0.7868560 0.8951240 0.6471226 0.7299162 2.3937854 0.4200988 0.7565730 0.8692916 0.5965145 0.3739064 0.4630787 0.8894236 0.9373108 0.6367638 0.8531393 0.8469435 0.7562474 2.3866309 0.9291260 0.4196003 0.7539113 0.8894236 0.4078764 0.4141126 0.6553082 0.4200988 0.7166140 0.6839748 0.4065366 0.5390723 0.9291260 0.7808154 0.7662600 1.0661407 0.5637460 0.6158080 0.8842778 0.4703193 0.7912064 0.6539260 0.8265195 0.8152505 0.6992723 0.4134731 0.4274273 0.8296248 0.6706623 0.7723216 0.8729959 0.7163847 0.6744507 1.0783352 0.4421836 0.5868580 0.9894234 0.6950409 0.6224283 0.9190807 0.3981024 0.4075672 0.8061853 0.6243051 0.8122198 0.5612710 0.7888107 2.3681382 0.4435515 0.6133122 0.9115453 0.4196003 0.8187241 0.7025107 0.4934743 0.6605961 2.2635591 0.7364012 0.8989335 0.9013506 1.0401831 0.8826179 0.3894068 0.8132253 0.7962661 0.7000222 0.4085814 
Mandrillus_leucophaeus____cercopithecoidea_XP_011855059.1_PREDICTED__zinc_finger_protein_91-like__Mandrillus_leucophaeus_                            0.1214037 0.9176751 0.7340579 0.9648788 0.7079725 0.4994843 0.7295574 0.9238758 0.6210633 0.5910812 0.4324054 0.0000000 0.7865447 0.8946214 0.6035102 0.6550116 2.3234017 0.1172239 0.7435822 0.8355451 0.6318642 0.4183986 0.5539026 1.0879522 0.9023923 0.7153437 0.7951444 0.7992325 0.7371362 2.3623194 0.8607784 0.1166704 0.7831037 1.0879522 0.4357094 0.1170195 0.6638375 0.1172239 0.7246805 0.6715572 0.4226392 0.6037109 0.8607784 0.8666432 0.7624431 0.9668120 0.5085393 0.6668414 0.8764151 0.4169554 0.6715250 0.7254189 0.9251746 0.8484049 0.7630703 0.1659248 0.4631763 0.8001225 0.6749812 0.8723999 0.8759577 0.7969273 0.8109285 1.1069943 0.5167599 0.6050221 0.9815416 0.6759732 0.8019146 1.0554703 0.4463586 0.1064313 0.7849626 0.6154694 0.7431218 0.5712697 0.7666268 2.1611045 0.4624344 0.6316434 0.9183754 0.1166704 0.8267190 0.6832053 0.4415199 0.6483409 2.2859028 0.7283509 0.9006750 1.1152533 0.9568022 0.9449333 0.4373458 0.8205423 0.8127254 0.7075876 0.4555926 
Otolemur_garnettii____lorisoidea_XP_023372667.1_zinc_finger_protein_607__Otolemur_garnettii_                                                         0.7882110 0.9148832 0.8368790 1.0024631 0.6642445 0.7697604 0.3169544 0.9176111 0.8470624 0.5594402 0.7868560 0.7865447 0.0000000 0.8559032 0.5807718 0.6930327 2.2837702 0.7652746 0.6353823 0.8175897 0.5495494 0.8631488 0.9251847 1.1090751 0.9199460 0.6229468 0.7599262 0.9068176 0.7939775 2.4874339 0.7505843 0.7763062 0.7222793 1.1090751 0.8831795 0.7682087 0.7692124 0.7652746 0.7614162 0.5872294 0.7618165 0.9772978 0.7505843 0.8237898 0.7748201 1.0554383 0.8141886 0.5945206 0.8374110 0.8259375 0.8834740 0.6453517 0.9936936 0.7762998 0.8136999 0.7677674 0.9089405 0.7647269 0.8273094 0.8947621 0.8952855 0.6527833 0.6285269 0.9792263 0.8155468 0.6085302 1.2128753 0.8847069 0.7787027 1.1213581 0.9136669 0.7786994 0.8334975 0.6072966 0.8371316 0.4940970 0.8375380 2.2882242 0.8134752 1.0661114 0.9143366 0.7763062 0.8626822 0.6056224 0.8566927 0.7792591 2.3127339 0.8309158 0.8492749 1.1304067 0.8480433 0.9319082 0.8863927 0.8817394 0.8694763 0.7553589 0.7673355 
Galeopterus_variegatus____dermoptera_XP_008588630.1_PREDICTED__LOW_QUALITY_PROTEIN__zinc_finger_protein_420-like__Galeopterus_variegatus_            0.8354073 0.9411953 0.9631463 1.1701561 0.7561436 0.9073669 0.7521132 0.7450608 0.8769436 0.6762647 0.8951240 0.8946214 0.8559032 0.0000000 0.6724143 0.6896943 2.1354131 0.8122075 0.6986765 0.8198838 0.6560574 0.9102339 1.0115230 1.1963514 0.8977113 0.7391493 0.6759264 0.8410224 0.7334005 2.1867378 0.8459618 0.8206658 0.7449062 1.1963514 0.9428016 0.8206658 0.7844604 0.8122075 0.7785548 0.8334338 0.8432599 1.0458210 0.8459618 0.7930774 0.8165409 1.0043427 0.9652175 0.7876764 0.3691990 0.8553585 0.8894800 0.7431425 1.1448359 0.8124898 0.9078804 0.9567422 1.0229234 0.7671676 0.8808594 1.0414112 1.0487507 0.6940861 0.8972851 1.1345542 0.9613555 0.7186345 1.2254605 0.8170628 1.2743970 1.1555686 0.9207389 0.8113005 0.6940249 0.6083541 0.9104246 0.5582228 0.8523096 1.9967645 0.9181629 1.1212683 0.9892208 0.8206658 0.9005806 0.6997666 0.9049371 0.8241607 2.0686467 1.0349821 0.3633672 1.1972128 0.7901414 0.9402474 0.9479150 0.9256598 0.8864674 0.7822025 0.8419554 
Otolemur_garnettii____lorisoidea_XP_023372666.1_zinc_finger_protein_850-like__partial__Otolemur_garnettii_                                           0.5878836 0.6615630 0.5910050 0.8891706 0.5333031 0.5989955 0.5035565 0.5690182 0.6613544 0.3855116 0.6471226 0.6035102 0.5807718 0.6724143 0.0000000 0.4682208 2.1328422 0.5783705 0.4493732 0.6144071 0.3957031 0.6863664 0.7086553 0.9224841 0.5920747 0.4248439 0.5630412 0.6142558 0.6609480 2.2993724 0.6625123 0.5771467 0.5476253 0.9224841 0.6944325 0.5820938 0.6178823 0.5783705 0.5440004 0.4875590 0.5919824 0.7514263 0.6625123 0.5601956 0.6093613 0.7819992 0.6498934 0.4648059 0.6477947 0.6282210 0.7401118 0.4531032 0.8468027 0.6301142 0.6143863 0.6088245 0.6799335 0.6466358 0.5965366 0.7378577 0.7003155 0.5278422 0.4713571 0.8313216 0.6845539 0.4365886 0.9405108 0.6337608 0.6685679 0.9507920 0.6987683 0.5828551 0.5740280 0.3996019 0.5906646 0.3412181 0.6114405 2.0805867 0.6661866 0.8402000 0.7093166 0.5771467 0.6067502 0.4422281 0.6956124 0.6404618 2.0464662 0.7060911 0.6940629 0.9282449 0.7580291 0.6454572 0.6931160 0.6226241 0.6015930 0.5118327 0.6160708 
Dasypus_novemcinctus____xenarthra_XP_023444636.1_LOW_QUALITY_PROTEIN__zinc_finger_protein_571__Dasypus_novemcinctus_                                 0.6502562 0.7461806 0.7047390 0.8293170 0.5567470 0.6662719 0.6071881 0.7258342 0.6645439 0.4129498 0.7299162 0.6550116 0.6930327 0.6896943 0.4682208 0.0000000 2.1687668 0.6439154 0.6036232 0.6893955 0.4224179 0.7822780 0.8124801 1.0209419 0.7442748 0.5188457 0.6570794 0.7146084 0.6904388 2.2271026 0.7334190 0.6472799 0.6175215 1.0209419 0.7861065 0.6414431 0.7073932 0.6439154 0.6943904 0.5788348 0.6549613 0.7927203 0.7334190 0.6859573 0.6513869 0.7738516 0.6789841 0.5364740 0.6817184 0.6942762 0.7838544 0.5258746 0.8283500 0.6823478 0.6712709 0.6673535 0.7292001 0.6256816 0.6523021 0.8321877 0.8097059 0.5544107 0.5956517 0.9024260 0.7836382 0.5429948 1.0674764 0.6125290 0.7643570 0.9266456 0.8103123 0.6764636 0.7157142 0.4106497 0.8136151 0.3956130 0.7245529 2.1328514 0.7621934 0.9056576 0.7123394 0.6472799 0.7525936 0.5157785 0.7750229 0.6598992 2.1219712 0.8541534 0.6463064 1.0507464 0.7231743 0.7135250 0.7485821 0.8525031 0.8176401 0.5735814 0.6815767 
Mandrillus_leucophaeus____cercopithecoidea_XP_011858019.1_PREDICTED__zinc_finger_protein_648__Mandrillus_leucophaeus_                                2.1530183 2.1664315 2.4201717 2.3160107 2.0194496 2.1484999 2.1949604 1.3775129 1.7640411 2.1052881 2.3937854 2.3234017 2.2837702 2.1354131 2.1328422 2.1687668 0.0000000 2.1405459 2.1010052 2.3519617 2.0778461 2.3998642 2.4647122 2.4840525 2.2668467 2.2806832 2.2782548 2.3030855 1.7420173 0.1320514 2.1089177 2.0974673 2.1239474 2.4840525 2.4537806 2.1434821 1.8873759 2.1405459 2.2089579 2.8475307 2.3211100 2.7131078 2.1089177 2.1212679 1.9317634 2.3390238 2.6013019 2.4684177 2.5275285 2.1013087 1.9948771 2.2464549 2.4048097 2.1477500 2.2703838 2.5003148 2.3440600 2.1619631 2.1198286 2.2777816 2.5024441 1.9672936 3.0650391 2.3566433 2.5606361 2.0291547 2.3955952 2.0148334 3.4251509 2.3842560 2.3146253 2.0503772 2.1036351 2.1072823 2.1182881 1.9760889 2.1409440 0.2702636 2.2722553 2.6399917 2.2315111 2.0974673 2.3671112 2.2791992 2.5732951 2.1870659 0.1841069 2.8965281 2.3620882 2.4493062 2.3205665 2.2022214 2.6928141 2.4980845 2.3821657 1.9980684 2.1957016 
Homo_sapiens____homonina_NP_003421.2_zinc_finger_protein_91_isoform_1__Homo_sapiens_                                                                 0.0000010 0.8183450 0.6540930 0.8437836 0.6503812 0.4461662 0.6807365 0.7731416 0.6105466 0.5698816 0.4200988 0.1172239 0.7652746 0.8122075 0.5783705 0.6439154 2.1405459 0.0000000 0.6915150 0.7769955 0.6045069 0.3731304 0.4602709 0.9926748 0.8363517 0.6733200 0.7327539 0.7460386 0.7008654 2.1606654 0.8049639 0.0055367 0.7154099 0.9926748 0.3997097 0.0054499 0.6280137 0.0000010 0.7011745 0.6662986 0.3818605 0.5062287 0.8049639 0.7875577 0.6924238 1.0342130 0.4608212 0.6112745 0.8427115 0.4099039 0.6529024 0.6724888 0.8210854 0.7020775 0.7007840 0.1028141 0.4294461 0.7266155 0.6410815 0.7363329 0.8449139 0.7108179 0.6830762 0.9786440 0.4087200 0.5256253 0.8275676 0.6284887 0.6753891 0.9244245 0.4335018 0.0156153 0.7424058 0.6075351 0.7661543 0.5187678 0.7437133 2.0647815 0.3994722 0.5808660 0.8769496 0.0055367 0.7653813 0.6309321 0.3382771 0.6095272 2.0648043 0.6740005 0.8271965 1.0087415 0.9614865 0.8246554 0.4005246 0.7753897 0.7471335 0.6609857 0.3772382 
Erinaceus_europaeus____eulipotyphla_XP_016049861.1_PREDICTED__LOW_QUALITY_PROTEIN__uncharacterized_protein_LOC103126390__Erinaceus_europaeus_        0.6603736 0.6842944 0.6991908 0.9341603 0.5631051 0.6922848 0.5742219 0.6615892 0.7996635 0.4724061 0.7565730 0.7435822 0.6353823 0.6986765 0.4493732 0.6036232 2.1010052 0.6915150 0.0000000 0.6406161 0.4707173 0.8001878 0.7853858 1.0810825 0.6979735 0.5006639 0.6682900 0.6318358 0.7583056 2.1251094 0.7411921 0.6652791 0.5287953 1.0810825 0.8511200 0.6948537 0.6445667 0.6915150 0.6195892 0.3336212 0.6889559 0.9436875 0.7411921 0.6253918 0.6755926 0.8949555 0.7403819 0.4156764 0.6992184 0.7103103 0.8632684 0.5098017 0.9192640 0.5442437 0.7186622 0.7491251 0.8627740 0.6653960 0.6853490 0.8269715 0.7186542 0.6102288 0.5464675 0.8767378 0.7928697 0.5486530 0.9764093 0.6629834 0.7990874 0.9871059 0.8533934 0.6334167 0.6005433 0.4966924 0.6855863 0.3754518 0.6389191 2.0507591 0.7781239 1.0102521 0.7474778 0.6652791 0.6638275 0.3849980 0.8122165 0.6655093 2.0331299 0.8263201 0.7344115 1.0221290 0.7171008 0.7635038 0.8011897 0.6700126 0.6860834 0.5260775 0.6994653 
Loxodonta_africana____afrotheria_XP_010586028.2_LOW_QUALITY_PROTEIN__zinc_finger_protein_37_homolog__Loxodonta_africana_                             0.7771195 0.7640376 0.7231404 0.9483914 0.5938507 0.7957889 0.6645098 0.7156277 0.7574923 0.6061454 0.8692916 0.8355451 0.8175897 0.8198838 0.6144071 0.6893955 2.3519617 0.7769955 0.6406161 0.0000000 0.5926846 0.8013254 0.8927691 1.1692982 0.7081663 0.6032768 0.6708495 0.7143190 0.7389690 2.3075708 0.6891156 0.7764085 0.5748527 1.1692982 0.8654796 0.7838533 0.7208532 0.7769955 0.6678151 0.6358196 0.7602153 0.9984099 0.6891156 0.6203461 0.6066866 0.7547275 0.7604030 0.4787113 0.7940509 0.7694001 0.8089232 0.6082447 0.9271375 0.6348273 0.7393635 0.8999403 0.8888413 0.6408239 0.7275126 0.8334262 0.8009727 0.6285247 0.5969191 0.9153854 0.8865907 0.6138042 0.9520110 0.6948121 0.7857128 1.0266930 0.8440459 0.8045203 0.6737615 0.5865657 0.6613926 0.5189129 0.6484574 2.1427769 0.8878972 1.1151515 0.7495317 0.7764085 0.6283030 0.5698048 0.8675639 0.6731539 2.1450434 0.7812039 0.8088162 1.1799342 0.6984567 0.8227723 0.8244853 0.6774784 0.6466119 0.5753475 0.7369187 
Erinaceus_europaeus____eulipotyphla_XP_016050331.1_PREDICTED__LOW_QUALITY_PROTEIN__zinc_finger_protein_208__Erinaceus_europaeus_                     0.6112662 0.6221371 0.6037116 0.8718107 0.4672739 0.6060181 0.4965701 0.6271122 0.6527061 0.1690435 0.5965145 0.6318642 0.5495494 0.6560574 0.3957031 0.4224179 2.0778461 0.6045069 0.4707173 0.5926846 0.0000000 0.6774101 0.6879102 0.9436040 0.6571542 0.4080990 0.5819416 0.5883939 0.6384384 2.1727599 0.6684708 0.6065258 0.4971923 0.9436040 0.7046880 0.6056109 0.5443136 0.6045069 0.6117970 0.4232215 0.5949040 0.7360459 0.6684708 0.5732017 0.5688597 0.8497213 0.6223562 0.3995586 0.6499192 0.6405727 0.6968300 0.4128352 0.8254522 0.5398429 0.5922921 0.6179546 0.6767088 0.5697235 0.6134675 0.7109588 0.6961973 0.4777446 0.4467145 0.8238510 0.6822165 0.4676716 1.0396776 0.6174117 0.6057351 0.8974357 0.6878887 0.6052174 0.6178218 0.0918476 0.6611787 0.3267384 0.6188957 2.0398505 0.6862720 0.8531983 0.7504531 0.6065258 0.6600230 0.4027906 0.7224012 0.5764261 2.0186994 0.6708439 0.6487102 0.9563546 0.6808065 0.6930188 0.6920886 0.6634660 0.6555218 0.5091903 0.5730472 
Pan_troglodytes____panina_XP_009433443.2_zinc_finger_protein_99__Pan_troglodytes_                                                                    0.3725047 0.8921106 0.7318123 0.8959846 0.7607613 0.4457555 0.7456510 0.8937557 0.6827601 0.6669399 0.3739064 0.4183986 0.8631488 0.9102339 0.6863664 0.7822780 2.3998642 0.3731304 0.8001878 0.8013254 0.6774101 0.0000000 0.4175505 0.9514884 1.0199398 0.7048373 0.9081566 0.8856176 0.7309305 2.3674103 0.8878647 0.3669119 0.8180898 0.9514884 0.2028170 0.3659167 0.6513367 0.3731304 0.7011203 0.6957138 0.3811458 0.5208579 0.8878647 0.8648549 0.8412993 1.0803389 0.5155817 0.6763061 0.8959091 0.4402521 0.7886073 0.6979965 0.8812866 0.8495244 0.7091260 0.3693502 0.4282010 0.8607179 0.6553558 0.8074809 1.0307664 0.7908333 0.7405683 1.0214339 0.3660388 0.6048275 0.9220904 0.7226758 0.6889435 0.9881520 0.1809672 0.3712360 0.8857662 0.6954666 0.8715098 0.6160357 0.8423448 2.2853820 0.3963620 0.5891826 0.9042146 0.3669119 0.8637457 0.7015995 0.4361395 0.6446049 2.2712717 0.7580554 0.9129687 0.9599688 1.0533311 0.8882642 0.0524865 0.8651137 0.8590972 0.7381108 0.3171162 
Gorilla_gorilla____gorillini_XP_018886338.1_PREDICTED__LOW_QUALITY_PROTEIN__zinc_finger_protein_107-like__Gorilla_gorilla_gorilla_                   0.4461904 0.8974082 0.7580054 0.9920442 0.8296375 0.5063325 0.8543014 0.9785908 0.8281729 0.6544460 0.4630787 0.5539026 0.9251847 1.0115230 0.7086553 0.8124801 2.4647122 0.4602709 0.7853858 0.8927691 0.6879102 0.4175505 0.0000000 1.1009640 0.9691375 0.7125478 0.9635013 0.8561292 0.8732305 2.4970109 0.9725803 0.4558977 0.7574032 1.1009640 0.4670913 0.4558977 0.7221971 0.4602709 0.7788935 0.7475995 0.3929144 0.5864949 0.9725803 0.8541443 0.8581682 1.1302477 0.5861209 0.7183726 0.9373421 0.4610273 0.8159976 0.7298962 0.9404613 0.8526550 0.7660128 0.4823476 0.4970736 0.9113236 0.7465327 0.8879854 0.9605442 0.7921678 0.7119238 1.2049589 0.4510304 0.6214757 0.8960253 0.7976604 0.6855637 1.0648894 0.4686741 0.4589123 0.8950900 0.7219965 0.8888370 0.6479185 0.8113233 2.3551499 0.4382890 0.6451867 1.0409068 0.4558977 0.8242028 0.7590526 0.5400038 0.7004794 2.3463944 0.7784269 1.0062822 1.1009640 1.0101373 0.9101906 0.4361334 0.8563427 0.8360337 0.7286138 0.4480780 
Ornithorhynchus_anatinus____monotrememata_XP_028929209.1_uncharacterized_protein_LOC100089426_isoform_X1__Ornithorhynchus_anatinus_                  0.9981108 1.0324666 1.0419090 1.0594567 1.0197131 1.0028050 0.9854163 1.2019166 1.0301609 0.9078714 0.8894236 1.0879522 1.1090751 1.1963514 0.9224841 1.0209419 2.4840525 0.9926748 1.0810825 1.1692982 0.9436040 0.9514884 1.1009640 0.0000000 1.2575352 0.9734137 1.1272043 1.1163834 0.9807804 2.5038868 1.1485048 0.9964599 0.9870100 0.0000010 0.9916979 0.9865026 0.9232600 0.9926748 1.0720133 1.0587581 1.0081322 0.9588329 1.1485048 1.0428009 0.9899545 1.5506645 1.0631441 0.9358151 1.1505979 1.0007559 1.0803910 1.0134119 1.0545880 1.0819364 0.9746629 1.0322226 1.0379446 1.1428094 0.9024955 0.8930118 1.3839300 1.0317230 0.9652902 1.4159687 0.9680314 0.8503677 1.4833800 0.9563199 0.7861041 1.1867989 0.9972629 0.9914391 1.1681812 1.0097490 1.0764634 0.8578541 1.0723421 2.3869667 1.0390804 1.0996184 1.1959046 0.9964599 1.0938564 1.0740539 1.0538608 0.9152590 2.4400797 1.0917987 1.2212133 0.0000010 1.2490979 1.2475506 0.9715515 1.1190491 1.0920933 0.9219582 0.9353244 
Tupaia_chinensis____scandentia_XP_027624595.1_zinc_finger_protein_197_isoform_X3__Tupaia_chinensis_                                                  0.8555791 0.8600665 0.7610417 1.0448362 0.6217562 0.8585444 0.7579387 0.6631150 0.7526264 0.6255149 0.9373108 0.9023923 0.9199460 0.8977113 0.5920747 0.7442748 2.2668467 0.8363517 0.6979735 0.7081663 0.6571542 1.0199398 0.9691375 1.2575352 0.0000000 0.7514396 0.7403607 0.8374037 0.7221448 2.3402527 0.7733587 0.8358353 0.6796959 1.2575352 1.0683803 0.8403912 0.7383972 0.8363517 0.8230611 0.7953219 0.8198812 1.0565417 0.7733587 0.7002764 0.7843687 0.9747577 0.8025804 0.6627970 0.8826902 0.7859194 0.9163072 0.7542981 0.9951775 0.7414547 0.7678992 0.9120055 0.9779229 0.7842381 0.7442943 0.8935873 0.9015101 0.7289186 0.7443906 1.1239721 0.9722999 0.6687900 1.0199661 0.7390358 0.9143076 1.0781282 1.0574256 0.8639026 0.7915382 0.6324144 0.7896180 0.6150113 0.7224851 2.2137806 0.9409195 1.1939592 0.7959949 0.8358353 0.7328428 0.7312644 0.9883374 0.7570386 2.1335171 0.8161302 0.8855036 1.2823492 0.8345470 0.9089226 1.0373381 0.7095126 0.7125713 0.6847000 0.8669566 
Mandrillus_leucophaeus____cercopithecoidea_XP_011840165.1_PREDICTED__LOW_QUALITY_PROTEIN__zinc_finger_protein_850__Mandrillus_leucophaeus_           0.6658630 0.6623540 0.6866635 0.8868896 0.4960004 0.6306144 0.5194663 0.6755777 0.7387744 0.4324523 0.6367638 0.7153437 0.6229468 0.7391493 0.4248439 0.5188457 2.2806832 0.6733200 0.5006639 0.6032768 0.4080990 0.7048373 0.7125478 0.9734137 0.7514396 0.0000000 0.6473321 0.5902296 0.6296539 2.3408505 0.7188005 0.6702669 0.5160504 0.9734137 0.7495371 0.6744650 0.6713054 0.6733200 0.5382419 0.4908265 0.6553890 0.8374373 0.7188005 0.6122658 0.6177399 0.8148684 0.7000005 0.4255762 0.6735046 0.6980159 0.7929651 0.0684643 0.8530154 0.6177560 0.6751743 0.7011601 0.7256720 0.6859164 0.6786681 0.8193935 0.7462311 0.5887731 0.4979124 0.9322419 0.7231426 0.5049984 1.0181832 0.6791087 0.6957444 0.9452770 0.7383484 0.6795703 0.6178984 0.4524040 0.6434572 0.3404487 0.6044566 2.1489707 0.7136477 0.9711171 0.7375797 0.6702669 0.6099512 0.4694269 0.7456200 0.6568781 2.1546022 0.7657726 0.7290482 0.9783568 0.7522383 0.7646419 0.7025256 0.6456210 0.6351236 0.5213113 0.6459565 
Oryctolagus_cuniculus____lagomorpha_XP_017194014.1_PREDICTED__LOW_QUALITY_PROTEIN__zinc_finger_protein_470__Oryctolagus_cuniculus_                   0.7657828 0.7339278 0.7927375 0.9474192 0.6016910 0.7281895 0.6650908 0.6562077 0.7427521 0.5577467 0.8531393 0.7951444 0.7599262 0.6759264 0.5630412 0.6570794 2.2782548 0.7327539 0.6682900 0.6708495 0.5819416 0.9081566 0.9635013 1.1272043 0.7403607 0.6473321 0.0000000 0.7868812 0.7575581 2.2908068 0.6758428 0.7412890 0.6350041 1.1272043 0.9073981 0.7338004 0.7356569 0.7327539 0.6666517 0.6679101 0.7028455 0.9301587 0.6758428 0.6139953 0.6316727 0.7444927 0.7891579 0.5898700 0.6828133 0.8020705 0.7761672 0.6593815 0.9151456 0.6957565 0.7369580 0.7907884 0.9100045 0.7169778 0.7092849 0.8611933 0.8605855 0.6474756 0.4785213 0.9592108 0.8613972 0.6018560 1.0044836 0.7181821 0.8773349 0.9255849 0.9124297 0.7579163 0.3818219 0.5542029 0.7771459 0.4963801 0.7293350 2.1239513 0.8293626 0.9742629 0.7175719 0.7412890 0.7272263 0.6130293 0.8526829 0.7528710 2.1904856 0.8594262 0.6612857 1.1497103 0.7337450 0.8245929 0.8958887 0.7659725 0.7450593 0.6423364 0.7732255 
Equus_caballus____perissodactyla_XP_023477056.1_zinc_finger_protein_850__Equus_caballus_                                                             0.7323038 0.7922830 0.7672300 1.0049320 0.6720858 0.7720448 0.7076698 0.6308280 0.7438672 0.5986330 0.8469435 0.7992325 0.9068176 0.8410224 0.6142558 0.7146084 2.3030855 0.7460386 0.6318358 0.7143190 0.5883939 0.8856176 0.8561292 1.1163834 0.8374037 0.5902296 0.7868812 0.0000000 0.7518520 2.2620740 0.7563069 0.7345389 0.6279700 1.1163834 0.9019749 0.7509876 0.6607449 0.7460386 0.8218665 0.7298194 0.7954209 0.9891323 0.7563069 0.6715834 0.7131321 0.9768278 0.7675830 0.5156842 0.9367757 0.7629955 0.7247670 0.6312992 0.9604568 0.6836201 0.7255265 0.8322393 0.9017610 0.7747545 0.7559833 0.8797870 0.8826195 0.6904360 0.6895452 0.9900975 0.8503884 0.6252272 1.0211662 0.6934932 0.8875519 1.1074305 0.9338043 0.6950955 0.7118577 0.5995760 0.6632102 0.5426291 0.6037183 2.0709660 0.8165164 1.1041795 0.8611555 0.7345389 0.6264586 0.7042723 0.8968867 0.6997325 2.0911115 0.8673728 0.9304270 1.0948720 0.8554884 0.8780205 0.9214276 0.6500039 0.6231758 0.5810810 0.7212014 
Dasypus_novemcinctus____xenarthra_XP_012381290.1_zinc_finger_protein_665-like__Dasypus_novemcinctus_                                                 0.7162186 0.8283239 0.3695038 0.9240476 0.6189855 0.7170613 0.6902514 0.7344075 0.6817961 0.6461799 0.7562474 0.7371362 0.7939775 0.7334005 0.6609480 0.6904388 1.7420173 0.7008654 0.7583056 0.7389690 0.6384384 0.7309305 0.8732305 0.9807804 0.7221448 0.6296539 0.7575581 0.7518520 0.0000000 1.7918040 0.7118889 0.7091397 0.6343449 0.9807804 0.8261310 0.6958433 0.5917150 0.7008654 0.7690007 0.7892271 0.6702412 0.7938893 0.7118889 0.7666542 0.7588674 0.8862569 0.7212813 0.5653289 0.7274299 0.7077467 0.6903295 0.6231782 0.9203259 0.6471032 0.5421682 0.7022133 0.8074712 0.7666368 0.6428825 0.7768596 1.0300837 0.7585274 0.5852375 0.9579043 0.8478208 0.5011084 0.9874667 0.5859508 0.6747919 1.0782486 0.7977136 0.7257662 0.7978881 0.6370786 0.7983684 0.5756400 0.6996891 1.7855784 0.7428927 0.9123243 0.7655497 0.7091397 0.6769571 0.6967480 0.8537582 0.5570132 1.7376905 0.6397678 0.8039348 1.0049553 0.6850428 0.8663815 0.7133325 0.7461279 0.7290352 0.6201447 0.6950691 
Cebus_capucinus____platyrrhini_XP_017379964.1_PREDICTED__LOW_QUALITY_PROTEIN__zinc_finger_protein_648__Cebus_capucinus_imitator_                     2.1742186 2.1569497 2.4454490 2.3728664 2.0642686 2.1616694 2.3646717 1.3700315 1.7517079 2.1627394 2.3866309 2.3623194 2.4874339 2.1867378 2.2993724 2.2271026 0.1320514 2.1606654 2.1251094 2.3075708 2.1727599 2.3674103 2.4970109 2.5038868 2.3402527 2.3408505 2.2908068 2.2620740 1.7918040 0.0000000 2.1668712 2.1181286 2.2189411 2.5038868 2.5159228 2.1635950 1.9054953 2.1606654 2.2641208 2.7971720 2.3239950 2.6827774 2.1668712 2.0670186 2.0330439 2.3316409 2.5957612 2.5773607 2.4713431 2.1488564 1.9625411 2.2949365 2.4223410 2.1718212 2.3376872 2.5189550 2.3395273 2.2371611 2.1823822 2.4110832 2.6590229 2.0456770 3.0572166 2.4978098 2.5928256 2.0705346 2.4883019 2.0001123 3.8955648 2.4718540 2.3144455 2.0474338 2.1956671 2.2030839 2.1753022 2.0668233 2.1765868 0.2639723 2.2156378 2.6787664 2.2740724 2.1181286 2.3629781 2.3092741 2.5429779 2.2622635 0.1696100 2.9290530 2.4181056 2.4699449 2.4150503 2.3344513 2.6442459 2.5300395 2.4065305 2.0310987 2.1555640 
Phascolarctos_cinereus____metatheria_XP_020827824.1_zinc_finger_protein_208-like__Phascolarctos_cinereus_                                            0.8281885 0.8136134 0.7767831 1.0019705 0.5969479 0.8863928 0.6892294 0.7335440 0.7901942 0.6368004 0.9291260 0.8607784 0.7505843 0.8459618 0.6625123 0.7334190 2.1089177 0.8049639 0.7411921 0.6891156 0.6684708 0.8878647 0.9725803 1.1485048 0.7733587 0.7188005 0.6758428 0.7563069 0.7118889 2.1668712 0.0000000 0.8087954 0.5832999 1.1485048 0.8683060 0.8040783 0.7076028 0.8049639 0.6592910 0.7557577 0.8635621 1.0464829 0.0000010 0.6521503 0.6910352 0.9338384 0.8374588 0.5027460 0.8449431 0.8332622 0.7631470 0.7159360 1.0007348 0.6867501 0.7316212 0.8616404 0.9935223 0.7256318 0.7306907 0.8527965 0.9462024 0.6801212 0.6951583 1.0612243 0.9230524 0.6639866 1.0366980 0.7239707 0.7814135 1.0898147 0.9441096 0.8359640 0.7719485 0.6734824 0.7118522 0.5563156 0.6946392 1.9874499 0.9314338 1.0949616 0.8335874 0.8087954 0.7066053 0.7378643 0.9585001 0.7134061 1.9808969 0.8403679 0.9115108 1.1829540 0.6299894 0.7668503 0.9392698 0.7055991 0.7027106 0.5908874 0.8210599 
Pan_troglodytes____panina_XP_024207564.1_zinc_finger_protein_91_isoform_X2__Pan_troglodytes_                                                         0.0057762 0.8148246 0.6611257 0.8286008 0.6539361 0.4479243 0.6885970 0.7343782 0.6298621 0.5803012 0.4196003 0.1166704 0.7763062 0.8206658 0.5771467 0.6472799 2.0974673 0.0055367 0.6652791 0.7764085 0.6065258 0.3669119 0.4558977 0.9964599 0.8358353 0.6702669 0.7412890 0.7345389 0.7091397 2.1181286 0.8087954 0.0000000 0.7024391 0.9964599 0.3938738 0.0000010 0.6102768 0.0055367 0.7050536 0.6769637 0.3795201 0.5082274 0.8087954 0.7877414 0.6851242 1.0304302 0.4568222 0.6094519 0.8526485 0.4027802 0.6635107 0.6730749 0.8058131 0.7043649 0.7115952 0.1049548 0.4291151 0.7173440 0.6502046 0.7301450 0.8488340 0.7093043 0.6889794 0.9934660 0.4066386 0.5411039 0.7983009 0.6276966 0.6640392 0.9093489 0.4313549 0.0215858 0.7525459 0.6175998 0.7269187 0.5241462 0.7054452 2.0253610 0.3992041 0.5808779 0.8873788 0.0000010 0.7247729 0.6394112 0.3384520 0.6193785 2.0191025 0.6801567 0.8383478 1.0023342 0.9622985 0.8235611 0.3936761 0.7312034 0.7050727 0.6595664 0.3780254 
Oryctolagus_cuniculus____lagomorpha_XP_017194024.1_PREDICTED__LOW_QUALITY_PROTEIN__zinc_finger_protein_585A-like__partial__Oryctolagus_cuniculus_    0.6861079 0.6724056 0.6415772 0.8974317 0.4581282 0.7116385 0.6260028 0.6533179 0.6756077 0.5108597 0.7539113 0.7831037 0.7222793 0.7449062 0.5476253 0.6175215 2.1239474 0.7154099 0.5287953 0.5748527 0.4971923 0.8180898 0.7574032 0.9870100 0.6796959 0.5160504 0.6350041 0.6279700 0.6343449 2.2189411 0.5832999 0.7024391 0.0000000 0.9870100 0.8503504 0.7134629 0.5422746 0.7154099 0.5801340 0.6130893 0.7484218 0.8895006 0.5832999 0.5510954 0.5705657 0.8676591 0.7369811 0.2094444 0.7202137 0.7210801 0.7356223 0.5413760 0.8587038 0.4765658 0.6376643 0.7780117 0.7947956 0.5992152 0.6163946 0.7918405 0.7608199 0.5277725 0.4882846 0.9637201 0.8096148 0.4772279 0.9485480 0.6479604 0.7379397 0.9303204 0.8897879 0.6846892 0.6519370 0.5390764 0.5301540 0.3927619 0.5344372 2.1441344 0.7896545 1.0272170 0.7069690 0.7024391 0.5378384 0.5801350 0.8175577 0.5832185 2.1201180 0.7025073 0.7782608 0.9684477 0.6659493 0.7498654 0.8392852 0.5538069 0.5409946 0.4680812 0.6612330 
Ornithorhynchus_anatinus____monotrememata_XP_028929208.1_uncharacterized_protein_LOC100089426_isoform_X1__Ornithorhynchus_anatinus_                  0.9981108 1.0324666 1.0419090 1.0594567 1.0197131 1.0028050 0.9854163 1.2019166 1.0301609 0.9078714 0.8894236 1.0879522 1.1090751 1.1963514 0.9224841 1.0209419 2.4840525 0.9926748 1.0810825 1.1692982 0.9436040 0.9514884 1.1009640 0.0000010 1.2575352 0.9734137 1.1272043 1.1163834 0.9807804 2.5038868 1.1485048 0.9964599 0.9870100 0.0000000 0.9916979 0.9865026 0.9232600 0.9926748 1.0720133 1.0587581 1.0081322 0.9588329 1.1485048 1.0428009 0.9899545 1.5506645 1.0631441 0.9358151 1.1505979 1.0007559 1.0803910 1.0134119 1.0545880 1.0819364 0.9746629 1.0322226 1.0379446 1.1428094 0.9024955 0.8930118 1.3839300 1.0317230 0.9652902 1.4159687 0.9680314 0.8503677 1.4833800 0.9563199 0.7861041 1.1867989 0.9972629 0.9914391 1.1681812 1.0097490 1.0764634 0.8578541 1.0723421 2.3869667 1.0390804 1.0996184 1.1959046 0.9964599 1.0938564 1.0740539 1.0538608 0.9152590 2.4400797 1.0917987 1.2212133 0.0000010 1.2490979 1.2475506 0.9715515 1.1190491 1.0920933 0.9219582 0.9353244 
Pongo_abelii____ponginae_XP_024093053.1_LOW_QUALITY_PROTEIN__zinc_finger_protein_729__Pongo_abelii_                                                  0.3993444 0.9234668 0.7533713 0.8953739 0.7746695 0.4879572 0.8001573 0.9176139 0.7772978 0.6821986 0.4078764 0.4357094 0.8831795 0.9428016 0.6944325 0.7861065 2.4537806 0.3997097 0.8511200 0.8654796 0.7046880 0.2028170 0.4670913 0.9916979 1.0683803 0.7495371 0.9073981 0.9019749 0.8261310 2.5159228 0.8683060 0.3938738 0.8503504 0.9916979 0.0000000 0.3924376 0.6976256 0.3997097 0.7021661 0.7608169 0.4499441 0.5782914 0.8683060 0.8825742 0.8324732 1.1739849 0.5934279 0.7258708 0.9338221 0.5132907 0.8125426 0.7431426 0.8716389 0.8827065 0.7656701 0.4040924 0.4640656 0.8805105 0.7061639 0.8045710 1.0492159 0.7898981 0.7803806 1.0807718 0.4211748 0.6607877 1.0009284 0.7699630 0.6618108 0.9789391 0.1530579 0.3921295 0.9114609 0.7215924 0.8720943 0.6399541 0.8640510 2.3452128 0.4373999 0.6304627 0.9687488 0.3938738 0.8763895 0.7606492 0.4814464 0.6862321 2.3365618 0.7848408 0.9422200 1.0013391 1.1125828 0.9664351 0.2169758 0.8681061 0.8625665 0.7693854 0.4025971 
