97
Mandrillus_leucophaeus____cercopithecoidea_XP_011858019.1_PREDICTED__zinc_finger_protein_648__Mandrillus_leucophaeus_                                0.0000000 0.1405862 0.2112208 0.3022396 9.0000000 9.0000000 8.6432938 9.0000000 9.0000000 9.0000000 9.0000000 2.9587107 9.0000000 3.9673445 3.4132595 3.5653105 2.8574445 1.9131182 2.8394826 2.2818521 3.0926270 3.1320004 2.7722273 2.6905364 3.2450489 1.6446500 2.9220127 3.5750200 3.2135270 2.8650673 3.3019268 3.3447472 2.5821034 4.9625217 2.9491978 3.9535776 4.7479624 5.0792064 9.0000000 5.0555009 3.6169939 1.3184325 5.5695200 6.1580931 6.4968981 3.0391851 2.6084646 1.9582078 1.9582078 1.9582078 9.0000000 1.9497869 9.0000000 1.5567377 1.3977639 2.1906082 4.2496644 9.0000000 2.6542318 1.7735723 1.5503385 2.1300120 2.5424976 2.5822691 2.4046647 3.3567197 3.7036250 2.6812090 1.9158436 2.1973292 1.9653947 2.4934776 1.8740806 1.9214656 1.6502880 3.0858411 2.7255198 2.9289259 2.8149123 2.8149123 2.0239407 2.0085979 1.8717483 2.9158199 1.8984567 2.0980309 2.0874001 1.9334071 1.7422772 2.6576238 2.1827077 2.5246810 2.0402732 2.4494733 2.4256383 2.3304038 2.1429124 
Cebus_capucinus____platyrrhini_XP_017379964.1_PREDICTED__LOW_QUALITY_PROTEIN__zinc_finger_protein_648__Cebus_capucinus_imitator_                     0.1405862 0.0000000 0.2024089 0.3091600 9.0000000 9.0000000 8.1160624 9.0000000 9.0000000 9.0000000 9.0000000 2.9190589 9.0000000 3.9313942 3.4652177 3.6215208 2.9721060 1.9782896 2.9018908 2.3786605 3.2597297 3.1328047 2.8145219 2.8205263 3.4044682 1.6993721 3.0301176 3.3146497 3.2800004 2.9204996 3.0686517 5.8055884 4.2420749 7.9943347 3.0938718 6.1847578 7.9453613 7.9566579 9.0000000 9.0000000 6.4663736 3.2797821 7.5456400 6.9935780 8.4948711 3.1529605 2.7919859 2.0304146 2.0304146 2.0304146 9.0000000 1.9766950 9.0000000 1.5451885 1.3923201 2.1702286 3.8216347 9.0000000 2.8184732 1.7982769 1.5333064 2.2796142 2.5808676 2.6776738 2.4040382 3.7805933 4.0208074 3.0235255 1.9480544 2.4773786 2.1621170 2.3955140 1.9102380 1.9444913 1.7020032 3.1711732 2.7203516 2.8996001 2.9530793 2.9530793 2.0688549 2.0628562 1.8461470 2.9704074 1.9119528 2.1687378 2.0856222 1.9325056 1.7905563 2.5876500 2.1787345 2.5059250 2.0947365 2.4896388 2.4484026 2.4100227 2.1123848 
Propithecus_coquereli____indriidae_XP_012495439.1_PREDICTED__zinc_finger_protein_648__Propithecus_coquereli_                                         0.2112208 0.2024089 0.0000000 0.2370691 9.0000000 5.8556109 5.7100430 9.0000000 9.0000000 8.9999983 9.0000000 2.8271570 8.9999982 3.4059611 3.1723291 3.3121776 2.7242583 1.8417851 2.6149783 2.1814040 2.9742620 2.9050375 2.6575424 2.4916241 3.0334001 1.6598504 2.8680375 3.1942951 2.9406694 2.7387639 3.1648587 2.0129974 1.8050360 3.4342313 2.8042914 3.7794962 2.8324614 3.5602804 9.0000000 9.0000000 2.0225517 0.7858475 4.9503845 6.1101075 5.0505075 2.8421700 2.3882678 2.0153242 2.0153242 2.0153242 9.0000000 1.8995605 9.0000000 1.5679421 1.4795695 2.2782761 4.1405954 9.0000000 2.8112504 1.7507611 1.5127213 2.0801832 2.1444208 2.2023901 2.1590107 3.2633860 3.5265695 2.4684795 1.8478870 2.0768071 1.7428898 2.2432723 1.8446560 1.8421770 1.5940906 2.7892586 2.3975147 2.4780028 2.7048217 2.7048217 1.8566303 1.9136729 1.7000482 2.6150453 1.6886958 2.1081364 1.9881259 1.8192646 1.6889461 2.5078181 2.0826701 2.4562029 1.9582292 2.3611498 2.3653985 2.3133471 2.0592535 
Carlito_syrichta____tarsiidae_XP_008061486.1_LOW_QUALITY_PROTEIN__zinc_finger_protein_648__Carlito_syrichta_                                         0.3022396 0.3091600 0.2370691 0.0000000 9.0000000 9.0000000 8.3297669 9.0000000 9.0000000 9.0000000 9.0000000 2.8618722 9.0000000 3.6755954 3.3607792 3.5727085 2.8181336 1.9807197 2.6180089 2.3033526 3.0198361 3.0185249 2.7491140 2.5813817 3.0811299 1.5628725 2.9008924 3.3420807 3.1942974 2.6220053 2.9187500 1.9207961 1.7301480 3.4232802 2.9455420 5.6858891 2.9220271 3.5374812 9.0000000 7.3259950 2.2424628 1.7762638 2.6694080 3.1978414 3.2733029 2.5790411 2.2331600 1.8242643 1.8242643 1.8242643 9.0000000 1.8616503 9.0000000 1.5139476 1.3615945 2.1409817 4.2594443 9.0000000 2.8369530 1.7007585 1.5047457 2.0699843 2.3710109 2.3272144 2.1452661 3.2161784 3.3944643 2.6580806 1.8113177 2.2235140 1.9832693 2.0195574 1.8956392 1.9279148 1.4870589 2.7667967 2.4229694 2.5401270 2.7066795 2.7066795 1.8849640 1.8806728 1.7129610 2.6800058 1.7566848 1.9877442 1.9517078 1.8239431 1.8247424 2.5356100 2.0167989 2.3604843 1.9097654 2.2415262 2.2727500 2.1612711 1.9261025 
Homo_sapiens____homonina_XP_006722943.1_zinc_finger_protein_91_isoform_X3__Homo_sapiens_                                                             9.0000000 9.0000000 9.0000000 9.0000000 0.0000000 0.0000010 0.0000010 0.0121354 0.0121354 0.0121354 0.0000010 0.3529421 0.0854572 0.3498700 0.4614477 0.4714804 0.4236591 0.4986506 0.4816942 0.5307102 0.4854170 0.5509420 0.4733635 0.3838865 0.3916668 0.4903019 0.7067126 2.2373572 1.5041659 2.3328110 1.2068203 0.7810955 0.8104276 0.9015047 0.8355939 0.8260141 0.8187494 0.8934109 0.7781156 0.7397160 0.8683386 0.8593599 0.9783524 0.9219517 1.0726538 0.7418974 0.8349432 1.0263809 1.0263809 1.0263809 1.1989964 1.1103540 1.2311089 1.9739289 0.9580524 0.9844272 0.9412002 0.9170651 0.9867114 0.7124522 0.9135556 1.2031535 0.8316101 1.5017593 0.8774454 0.9638013 0.7607082 0.7735832 0.8821968 0.7428203 0.7304169 7.0340020 1.6369670 1.5216568 0.8592218 5.1313147 4.7219000 4.9782873 1.7533377 1.7533377 1.4651888 1.8928860 2.4681518 4.4647324 3.0601522 2.1264433 1.4574025 1.2994823 0.8388584 4.2813721 4.3234018 4.2385840 3.9982605 4.0733411 4.2385840 4.2385840 3.3711478 
Homo_sapiens____homonina_NP_003421.2_zinc_finger_protein_91_isoform_1__Homo_sapiens_                                                                 9.0000000 9.0000000 5.8556109 9.0000000 0.0000010 0.0000000 0.0000010 0.0124512 0.0124512 0.0115247 0.0000010 0.3053859 0.0832173 0.3343542 0.3900317 0.4401595 0.3907557 0.4722300 0.4392446 0.4956737 0.4863350 0.5152956 0.5144031 0.3742428 0.3814806 0.4668629 0.6664558 1.2743886 1.2263960 1.7630422 1.1755655 0.6872454 0.7385735 0.7918181 0.7697057 0.7823244 0.7826201 0.8662539 0.7669732 0.8076554 0.8102784 0.8131339 0.9442927 0.8898179 1.0367252 0.7230777 0.8136722 1.1206786 1.1206786 1.1206786 1.1989964 1.0828284 1.2311089 1.9739289 0.9580524 0.9844272 0.9412002 0.9170651 0.9867114 0.7124522 0.8491996 0.9888560 0.7837923 1.3093763 0.8774454 0.8811834 0.7419019 0.7073174 0.8343845 0.7136421 0.6850811 2.4210703 0.9294012 0.9510490 0.8108289 4.3541698 2.0733816 5.3757620 1.7228924 1.7228924 1.4651888 1.5832178 1.5463534 2.0454382 2.8901134 3.0984824 2.1429418 1.3444467 1.1199244 2.6639895 5.6116191 4.8473980 4.2273294 4.7998704 4.3645850 4.3645850 4.9005059 
Homo_sapiens____homonina_NP_001287880.1_zinc_finger_protein_91_isoform_2__Homo_sapiens_                                                              8.6432938 8.1160624 5.7100430 8.3297669 0.0000010 0.0000010 0.0000000 0.0118669 0.0118669 0.0115339 0.0000010 0.3095836 0.0821760 0.3285610 0.3880402 0.4382498 0.3817117 0.4684571 0.4465347 0.4988167 0.4863595 0.5114116 0.4959659 0.3556829 0.3648014 0.4807225 0.6476304 1.2660718 1.1448505 1.5690229 1.1698917 0.6958613 0.7474934 0.7934652 0.7742210 0.7803521 0.7868139 0.8649043 0.7653477 0.8083751 0.8129066 0.8131339 0.9442927 0.8898179 1.0367252 0.7230777 0.8136722 1.1206786 1.1206786 1.1206786 1.1989964 1.0828284 1.2311089 1.9739289 0.9580524 0.9844272 0.9412002 0.9170651 0.9867114 0.7124522 0.8432874 0.9843154 0.7837923 1.3093763 0.8774454 0.8352087 0.7419019 0.6962202 0.8244841 0.7060734 0.6769185 2.5350895 0.9440322 0.9327718 0.8104036 4.1019272 1.9507320 5.6102156 1.6855732 1.6855732 1.4651888 1.3994540 1.1357522 1.9949709 2.8833456 2.1807744 1.6256720 1.0676447 0.9763160 2.3646666 5.5997964 5.4651884 4.5413221 5.3219565 4.7649922 4.7649922 4.2515731 
Pan_troglodytes____panina_XP_024207564.1_zinc_finger_protein_91_isoform_X2__Pan_troglodytes_                                                         9.0000000 9.0000000 9.0000000 9.0000000 0.0121354 0.0124512 0.0118669 0.0000000 0.0000010 0.0000010 0.0121354 0.3324230 0.0878712 0.3506359 0.4240002 0.4649157 0.4180286 0.4935405 0.4668452 0.5182431 0.4909423 0.5479917 0.5209091 0.3947700 0.4049996 0.4800246 0.7120653 1.6549511 1.4678974 2.5280548 1.1718015 0.7331221 0.7685937 0.8592323 0.8140220 0.8178250 0.8071890 0.8891131 0.7787711 0.7774103 0.8609868 0.8477085 0.9580636 0.9015569 1.0549698 0.7295407 0.8155802 1.0380613 1.0380613 1.0380613 1.2079299 1.1011512 1.2425143 1.9739289 0.9777547 1.0102915 0.9454077 0.9153019 1.0028309 0.7124522 0.9086810 1.1128952 0.8209492 1.4350827 0.8915991 0.9341844 0.7195976 0.7624965 0.8780484 0.7313172 0.7183680 4.2690723 1.2236583 1.2382472 0.8580871 4.3541698 3.6476052 5.3757620 1.8445709 1.8445709 1.4651888 2.6431372 3.2659252 3.7186455 3.0416113 3.0984824 4.0389556 1.6410850 1.2836849 4.0508202 6.3958669 4.4865894 4.3176315 4.3506241 4.4865894 4.4865894 5.2911174 
Pan_troglodytes____panina_XP_024207563.1_zinc_finger_protein_91_isoform_X2__Pan_troglodytes_                                                         9.0000000 9.0000000 9.0000000 9.0000000 0.0121354 0.0124512 0.0118669 0.0000010 0.0000000 0.0000010 0.0121354 0.3324230 0.0878712 0.3506359 0.4240002 0.4649157 0.4180286 0.4935405 0.4668452 0.5182431 0.4909423 0.5479917 0.5209091 0.3947700 0.4049996 0.4800246 0.7120653 1.6549511 1.4678974 2.5280548 1.1718015 0.7331221 0.7685937 0.8592323 0.8140220 0.8178250 0.8071890 0.8891131 0.7787711 0.7774103 0.8609868 0.8477085 0.9580636 0.9015569 1.0549698 0.7295407 0.8155802 1.0380613 1.0380613 1.0380613 1.2079299 1.1011512 1.2425143 1.9739289 0.9777547 1.0102915 0.9454077 0.9153019 1.0028309 0.7124522 0.9086810 1.1128952 0.8209492 1.4350827 0.8915991 0.9341844 0.7195976 0.7624965 0.8780484 0.7313172 0.7183680 4.2690723 1.2236583 1.2382472 0.8580871 4.3541698 3.6476052 5.3757620 1.8445709 1.8445709 1.4651888 2.6431372 3.2659252 3.7186455 3.0416113 3.0984824 4.0389556 1.6410850 1.2836849 4.0508202 6.3958669 4.4865894 4.3176315 4.3506241 4.4865894 4.4865894 5.2911174 
Pan_troglodytes____panina_XP_024207565.1_zinc_finger_protein_91_isoform_X3__Pan_troglodytes_                                                         9.0000000 9.0000000 8.9999983 9.0000000 0.0121354 0.0115247 0.0115339 0.0000010 0.0000010 0.0000000 0.0121354 0.3236677 0.0861274 0.3326616 0.3884639 0.4440802 0.3830127 0.4747652 0.4505348 0.4959532 0.4916542 0.5179096 0.4991417 0.3580267 0.3697515 0.4814802 0.6542249 1.2903416 1.1617723 1.6273174 1.1860264 0.6902103 0.7473796 0.7935719 0.7761923 0.7880764 0.7955660 0.8721561 0.7771620 0.8183317 0.8211512 0.8179339 0.9555863 0.8986410 1.0374940 0.7313858 0.8154366 1.1302183 1.1302183 1.1302183 1.2079299 1.1005231 1.2425143 1.9739289 0.9777547 1.0102915 0.9454077 0.9153019 1.0028309 0.7124522 0.8499590 1.0063242 0.8032971 1.3319840 0.8915991 0.8590792 0.7360130 0.6962202 0.8244841 0.7060734 0.6769185 2.4768392 0.9308099 0.9196230 0.8315725 4.1019272 1.9791232 5.6102156 1.7245959 1.7245959 1.4651888 1.4866988 1.1817431 2.0645038 3.3234891 2.1807744 1.6194100 1.0489748 1.0090320 2.5189758 5.5997964 5.4651884 5.0607892 5.3219565 5.4154329 5.4154329 4.7031930 
Homo_sapiens____homonina_XP_011526568.1_zinc_finger_protein_91_isoform_X3__Homo_sapiens_                                                             9.0000000 9.0000000 9.0000000 9.0000000 0.0000010 0.0000010 0.0000010 0.0121354 0.0121354 0.0121354 0.0000000 0.3529421 0.0854572 0.3498700 0.4614477 0.4714804 0.4236591 0.4986506 0.4816942 0.5307102 0.4854170 0.5509420 0.4733635 0.3838865 0.3916668 0.4903019 0.7067126 2.2373572 1.5041659 2.3328110 1.2068203 0.7810955 0.8104276 0.9015047 0.8355939 0.8260141 0.8187494 0.8934109 0.7781156 0.7397160 0.8683386 0.8593599 0.9783524 0.9219517 1.0726538 0.7418974 0.8349432 1.0263809 1.0263809 1.0263809 1.1989964 1.1103540 1.2311089 1.9739289 0.9580524 0.9844272 0.9412002 0.9170651 0.9867114 0.7124522 0.9135556 1.2031535 0.8316101 1.5017593 0.8774454 0.9638013 0.7607082 0.7735832 0.8821968 0.7428203 0.7304169 7.0340020 1.6369670 1.5216568 0.8592218 5.1313147 4.7219000 4.9782873 1.7533377 1.7533377 1.4651888 1.8928860 2.4681518 4.4647324 3.0601522 2.1264433 1.4574025 1.2994823 0.8388584 4.2813721 4.3234018 4.2385840 3.9982605 4.0733411 4.2385840 4.2385840 3.3711478 
Mandrillus_leucophaeus____cercopithecoidea_XP_011855059.1_PREDICTED__zinc_finger_protein_91-like__Mandrillus_leucophaeus_                            2.9587107 2.9190589 2.8271570 2.8618722 0.3529421 0.3053859 0.3095836 0.3324230 0.3324230 0.3236677 0.3529421 0.0000000 0.2559789 0.4015789 0.5238521 0.5421182 0.4695932 0.5756122 0.4416369 0.3995462 0.4721535 0.5478097 0.5232821 0.5198590 0.4824964 0.4734404 0.6802536 0.9012283 1.0933326 1.0248942 1.1204058 0.8206045 0.9779372 0.9851186 1.0052274 0.8134121 0.8570663 1.0247745 0.9438622 1.1505778 0.7905824 0.9410127 3.3357413 3.1660514 2.7765311 1.4938288 1.4052523 1.4509614 1.4509614 1.4509614 9.0000000 1.5438525 9.0000000 0.0000010 1.4622752 1.2088316 1.4097314 9.0000000 1.0146966 0.9065698 1.0749952 1.1595595 1.0063382 1.2974812 1.0573540 1.1106367 1.0399676 0.8401858 0.9183634 0.8527498 0.7065316 1.0151708 0.8740732 0.9128556 1.0655220 1.0784708 1.0685000 1.0604284 1.6258540 1.6258540 1.2045856 1.0797614 1.0864423 1.1858222 1.0405805 1.2302008 1.1425134 1.3826742 0.9132574 1.3907869 1.3294628 1.2489886 1.2839768 1.2728403 1.2293266 1.2366980 1.4325513 
Pongo_abelii____ponginae_XP_024093060.1_zinc_finger_protein_91-like__Pongo_abelii_                                                                   9.0000000 9.0000000 8.9999982 9.0000000 0.0854572 0.0832173 0.0821760 0.0878712 0.0878712 0.0861274 0.0854572 0.2559789 0.0000000 0.3948412 0.3798828 0.4430720 0.3748120 0.4910436 0.4461494 0.5146421 0.5053887 0.5372895 0.5263050 0.3979170 0.3994943 0.5222681 0.6521557 1.2616196 1.2066216 1.8654185 1.2398243 0.7234202 0.8436424 0.9015808 0.7960879 0.8624794 0.8358721 0.9529228 0.8802865 0.9374952 0.9373260 0.8503758 0.9964556 0.9487795 1.0768358 0.8480681 0.9265085 1.2702649 1.2702649 1.2702649 1.1775892 1.0907031 1.2808833 1.9454642 0.9694896 1.1363078 0.9727954 0.9187294 1.0896046 0.7322307 1.0217846 0.8646524 0.9175689 1.1307693 0.9676537 0.9550239 0.7681075 0.8422923 1.0067871 0.8824345 0.8968539 2.2697692 0.8041549 0.8568993 0.8796492 4.5208365 2.1186131 5.6179989 1.8701742 1.8701742 1.4651888 1.6879627 1.6351459 2.1408931 3.3317117 3.1851861 2.1764064 1.3479347 1.1927553 2.9223178 5.8491401 5.1312191 4.8471049 5.0498406 5.0902099 5.0902099 5.9626356 
Cebus_capucinus____platyrrhini_XP_017380786.1_PREDICTED__LOW_QUALITY_PROTEIN__zinc_finger_protein_254-like__Cebus_capucinus_imitator_                3.9673445 3.9313942 3.4059611 3.6755954 0.3498700 0.3343542 0.3285610 0.3506359 0.3506359 0.3326616 0.3498700 0.4015789 0.3948412 0.0000000 0.4699178 0.5423536 0.5499759 0.5748256 0.5974892 0.6200247 0.6069606 0.5783555 0.5976056 0.5452420 0.4369985 0.6049652 0.6874893 1.2175997 1.1854997 1.6659315 1.2244659 0.7993619 0.8963935 0.8934872 0.8300651 0.7963365 0.8809964 0.8854938 0.8453085 0.9590758 0.9182431 0.9121817 0.9164837 0.8969284 1.0458156 0.9219277 0.9986533 1.4120069 1.4120069 1.4120069 1.2614310 1.2885119 1.3260043 2.0721132 1.2926280 1.1971641 0.9546464 1.0559491 1.0581284 1.0353271 1.0560018 1.0376446 0.8585441 1.2376589 1.0016316 0.9743206 0.8699187 0.7898380 0.9635572 0.7984200 0.8300447 2.3987570 1.1572629 1.2008800 0.9061376 3.9314105 2.1076902 4.5347773 1.9029451 1.9029451 1.7540097 1.8748256 1.7757729 2.1231967 2.6153584 2.3198019 2.2017888 1.6527724 1.7500032 2.4661316 4.1151021 3.7914486 3.4999565 3.6379819 4.4193781 4.1109973 3.2188647 
Pan_troglodytes____panina_XP_009433443.2_zinc_finger_protein_99__Pan_troglodytes_                                                                    3.4132595 3.4652177 3.1723291 3.3607792 0.4614477 0.3900317 0.3880402 0.4240002 0.4240002 0.3884639 0.4614477 0.5238521 0.3798828 0.4699178 0.0000000 0.2036739 0.2351236 0.2289041 0.4833621 0.4313717 0.4946355 0.5104382 0.5828687 0.4879483 0.5526345 0.5041520 0.6702559 0.9297604 0.9941522 1.0136835 1.1649552 0.9136255 1.0357853 0.8408479 0.9615645 0.7919086 0.9574412 1.1153740 1.1887790 1.2530095 0.8053099 1.1994664 2.8733741 3.0148054 2.4443154 1.6728402 1.4125906 1.6421180 1.6421180 1.6421180 1.8854427 1.7273777 1.6884560 0.3031613 1.3501393 1.4104299 1.3918685 0.8900237 1.1487617 1.1602463 1.1826127 1.2044585 1.1395580 1.1423130 1.0297925 1.1164105 1.0452255 1.0278011 0.9315705 0.9884577 1.0149681 1.0224942 0.9035400 0.9334257 1.1266483 1.0239113 1.1636751 1.0340656 1.5841073 1.5841073 1.2750453 1.1188190 1.1260834 1.3087925 1.1255291 1.1185473 1.1140126 1.4010712 1.0461743 1.4408611 1.2700279 1.2913707 1.3172524 1.3138412 1.2596809 1.2647999 1.3839426 
Gorilla_gorilla____gorillini_XP_018870401.1_PREDICTED__LOW_QUALITY_PROTEIN__zinc_finger_protein_729-like__Gorilla_gorilla_gorilla_                   3.5653105 3.6215208 3.3121776 3.5727085 0.4714804 0.4401595 0.4382498 0.4649157 0.4649157 0.4440802 0.4714804 0.5421182 0.4430720 0.5423536 0.2036739 0.0000000 0.2794125 0.2508896 0.5381886 0.4920817 0.5056263 0.5562709 0.6182727 0.4945375 0.5303627 0.5242718 0.6858229 0.9934234 1.0296286 1.0389852 1.0933236 0.9519905 1.0463474 0.9029635 1.0078856 0.9392478 1.0223244 1.0996948 1.2091698 1.1256004 0.9154587 1.0474265 1.4169162 1.4140511 1.4127920 1.3964301 1.3081322 1.5297619 1.5297619 1.5297619 1.2641106 1.3280580 1.2325756 1.8172160 1.0710243 1.2345052 1.0951234 1.0606900 1.1467336 1.0737476 1.2185769 1.1629267 1.1143940 1.2115348 1.1225774 1.2138110 1.1681791 1.1760682 1.0384802 1.1480973 1.2010813 1.0706021 0.9726747 0.9856138 1.1250307 1.0740650 1.1581878 1.0314848 1.6258572 1.6258572 1.2484554 1.1630200 1.2183237 1.3459317 1.2060304 1.2504362 1.2525513 1.4685592 1.1082355 1.4815043 1.3452896 1.2826768 1.3214410 1.3180014 1.2638850 1.2690044 1.4413337 
Pongo_abelii____ponginae_XP_024093053.1_LOW_QUALITY_PROTEIN__zinc_finger_protein_729__Pongo_abelii_                                                  2.8574445 2.9721060 2.7242583 2.8181336 0.4236591 0.3907557 0.3817117 0.4180286 0.4180286 0.3830127 0.4236591 0.4695932 0.3748120 0.5499759 0.2351236 0.2794125 0.0000000 0.1494478 0.4994539 0.4251085 0.5241128 0.5266149 0.5970968 0.5497147 0.5413830 0.5574707 0.6941609 0.9138246 1.0105906 0.9711381 1.1511957 0.8277025 0.8408105 0.9104226 0.9738239 0.9052726 1.0259454 1.0148697 1.0189043 1.0498417 0.8012868 0.8573169 2.5293218 2.4245535 2.2541766 1.4152458 1.2342309 1.5877897 1.5877897 1.5877897 1.9820008 1.6282544 1.4991710 9.0000000 1.8474868 1.2326377 1.4179932 1.0926942 1.1269777 1.1192488 1.0276573 1.0300659 0.9362595 0.9676997 1.0048093 1.0497171 0.9761859 1.0103456 0.9462607 0.9485580 1.0063483 1.0533351 0.8600484 0.8827276 0.9610976 1.0154300 1.0686240 0.9635114 1.6228829 1.6228829 1.1845916 1.1336256 1.0524359 1.1723637 1.0328963 1.0864028 1.1120601 1.3444953 0.9783628 1.3086875 1.2973481 1.2155166 1.2380250 1.2349005 1.1959672 1.2138882 1.3537323 
Gorilla_gorilla____gorillini_XP_018870402.1_PREDICTED__zinc_finger_protein_729__Gorilla_gorilla_gorilla_                                             1.9131182 1.9782896 1.8417851 1.9807197 0.4986506 0.4722300 0.4684571 0.4935405 0.4935405 0.4747652 0.4986506 0.5756122 0.4910436 0.5748256 0.2289041 0.2508896 0.1494478 0.0000000 0.5403976 0.5170419 0.5596201 0.5437147 0.6850042 0.5743576 0.5574973 0.5514103 0.6814177 1.1536704 1.0889910 1.3186259 1.1195351 0.7750156 0.8008891 0.8721277 0.9250465 0.6941140 0.7907973 0.8821670 0.8588538 0.9412531 0.7261304 0.8719342 1.2628271 1.2050661 1.2799548 1.1463330 1.0709013 1.4136907 1.4136907 1.4136907 1.2278080 1.2230434 1.3351727 1.7674968 1.0591101 1.1156552 1.0062247 0.9887430 1.2647088 0.9098964 1.0948800 0.8111322 0.9133561 1.0147374 1.0206581 1.1213653 0.9449696 0.7294592 0.9584734 0.7337788 0.7960162 1.4271524 0.8804982 1.0592994 0.8680008 1.5200203 1.4111433 1.4256242 1.7979724 1.7979724 1.4623638 1.2921073 1.1790367 1.5938148 1.4561345 1.2272097 1.3236231 1.6969226 1.2911760 1.3988972 1.6945799 1.9449595 1.4519365 1.6486615 1.6619065 1.6906330 1.4021571 
Nomascus_leucogenys____hylobatidae_XP_012364875.1_PREDICTED__putative_zinc_finger_protein_724_isoform_X1__Nomascus_leucogenys_                       2.8394826 2.9018908 2.6149783 2.6180089 0.4816942 0.4392446 0.4465347 0.4668452 0.4668452 0.4505348 0.4816942 0.4416369 0.4461494 0.5974892 0.4833621 0.5381886 0.4994539 0.5403976 0.0000000 0.4700004 0.4472167 0.5121354 0.4770144 0.4576676 0.4942034 0.5401249 0.6580855 0.8118145 0.8809437 0.8076040 1.0433781 0.8228949 0.9623022 1.2685456 0.8532303 0.8066883 0.9406632 0.9894425 0.9075492 0.9907224 0.7702931 0.9265064 1.6826143 1.5872071 1.6894372 1.2764979 1.1426323 1.3706661 1.3706661 1.3706661 1.1915272 1.3005617 1.2429185 2.8795544 1.1211563 1.0141008 1.1391099 0.9527396 1.0088864 0.9172147 1.2676883 1.2874764 1.0443109 1.0706693 1.0445133 0.9350064 0.9217733 0.8703234 0.9792076 0.9202095 0.9272510 0.9956173 0.8531072 0.8896727 1.0187439 0.8709278 0.9912042 0.8499374 1.6463886 1.6463886 1.1239318 0.9541883 0.9293892 1.0229155 0.8937262 1.0489058 1.0469596 1.3009129 0.9107383 1.2124109 1.0874626 0.9765309 1.0811970 1.0871043 1.0404036 1.0477548 1.2764123 
Gorilla_gorilla____gorillini_XP_018870377.1_PREDICTED__LOW_QUALITY_PROTEIN__putative_zinc_finger_protein_724__Gorilla_gorilla_gorilla_               2.2818521 2.3786605 2.1814040 2.3033526 0.5307102 0.4956737 0.4988167 0.5182431 0.5182431 0.4959532 0.5307102 0.3995462 0.5146421 0.6200247 0.4313717 0.4920817 0.4251085 0.5170419 0.4700004 0.0000000 0.4755380 0.5818889 0.5159706 0.4579527 0.4378603 0.4982297 0.5856558 0.8450097 0.8980380 0.9293512 0.9617734 0.8616255 0.9399498 1.3321661 0.9529051 0.9179871 0.9885295 1.1416473 1.0674371 1.0843885 0.9078074 0.9943307 1.2881575 1.2498363 1.3121327 0.9921551 0.8969154 1.3591740 1.3591740 1.3591740 1.2710356 1.2406494 1.4425198 2.0564347 1.2183432 0.9661991 1.0891335 1.0731652 1.0699235 0.8553474 1.0561684 0.9917073 0.8780979 0.8998242 1.0725701 0.9421752 0.9906132 0.7182607 0.8425461 0.6989099 0.7703505 0.9216091 0.8888273 0.9424877 0.9268227 0.9683303 0.8870674 0.9337159 1.6488658 1.6488658 1.0166167 1.0260559 0.8490393 1.0493217 1.0162588 0.9563683 1.0898016 1.0097377 0.9781388 1.1949584 1.2952189 1.4368358 1.3004923 1.4291782 1.4373335 1.4570868 1.2485328 
Nomascus_leucogenys____hylobatidae_XP_012364883.1_PREDICTED__LOW_QUALITY_PROTEIN__zinc_finger_protein_729-like__Nomascus_leucogenys_                 3.0926270 3.2597297 2.9742620 3.0198361 0.4854170 0.4863350 0.4863595 0.4909423 0.4909423 0.4916542 0.4854170 0.4721535 0.5053887 0.6069606 0.4946355 0.5056263 0.5241128 0.5596201 0.4472167 0.4755380 0.0000000 0.5662482 0.5063505 0.4214173 0.4481055 0.5092030 0.6080608 0.9748613 1.0851926 1.1099202 1.0527368 0.9120182 1.0067963 1.4361239 1.0570318 1.2618952 1.2199501 1.3463347 1.2864020 1.0763082 1.1665056 1.0204014 1.1873431 1.0925154 1.1972330 0.9886891 0.8933250 1.2291916 1.2291916 1.2291916 1.0460293 1.0764311 1.2654213 1.7478478 1.0323530 0.9489499 1.1394506 1.0261545 1.1072589 0.9781054 1.0664281 1.1940807 0.9182341 0.9374900 1.0279346 1.0660849 0.9216630 0.8018378 0.9512947 0.7441315 0.7955419 1.0992476 1.0217396 1.0652989 0.9433048 1.1524046 1.1668092 1.1321044 1.7832106 1.7832106 1.2733491 1.1525207 1.0334855 1.2569222 0.9597651 1.0679515 1.2657104 1.0383803 0.9789809 1.4665628 1.5229046 1.4058039 1.4249239 1.4806735 1.4568516 1.4698912 1.4784245 
Pongo_abelii____ponginae_XP_024093056.1_zinc_finger_protein_208_isoform_X1__Pongo_abelii_                                                            3.1320004 3.1328047 2.9050375 3.0185249 0.5509420 0.5152956 0.5114116 0.5479917 0.5479917 0.5179096 0.5509420 0.5478097 0.5372895 0.5783555 0.5104382 0.5562709 0.5266149 0.5437147 0.5121354 0.5818889 0.5662482 0.0000000 0.5957669 0.5998032 0.5539052 0.5722180 0.6729315 0.8892151 0.9959310 0.9907364 1.0557987 0.8178139 0.8382714 1.2312992 1.0250035 0.9623320 0.9846320 1.0155220 0.9752619 1.1151897 0.8374752 0.9454609 1.3796751 1.2662011 1.3181101 1.2522587 1.1248119 1.3379368 1.3379368 1.3379368 1.1239434 1.3371370 1.1192155 1.6185799 1.0567850 1.1698851 1.2385107 1.0251181 1.1471740 1.0009343 1.2677504 1.3186035 1.1474598 1.1314082 1.1204930 1.1329228 1.0613548 0.8925030 0.9985831 0.8656241 0.9606262 1.0635178 0.9407595 0.9854911 1.0290726 1.1470523 1.1739535 1.0601525 1.7103699 1.7103699 1.1897510 1.0973324 1.0630901 1.1949554 1.0063493 1.1240300 1.0885229 1.4001253 1.0705814 1.3875228 1.2487309 1.2245915 1.1878210 1.1910648 1.1558346 1.1637286 1.3894653 
Gorilla_gorilla____gorillini_XP_018886338.1_PREDICTED__LOW_QUALITY_PROTEIN__zinc_finger_protein_107-like__Gorilla_gorilla_gorilla_                   2.7722273 2.8145219 2.6575424 2.7491140 0.4733635 0.5144031 0.4959659 0.5209091 0.5209091 0.4991417 0.4733635 0.5232821 0.5263050 0.5976056 0.5828687 0.6182727 0.5970968 0.6850042 0.4770144 0.5159706 0.5063505 0.5957669 0.0000000 0.4796129 0.5375352 0.5105712 0.6578812 0.9485788 1.0116705 0.8465578 1.0789624 1.0641366 0.9065377 1.2682889 1.0428705 2.5755549 1.3926189 1.0034461 0.9656232 0.9356247 1.2481923 0.9338662 1.2243858 1.2498858 1.2885530 1.3461304 1.2400581 1.3240568 1.3240568 1.3240568 1.0079161 1.1592558 1.0061727 1.7775096 0.9878466 1.0683507 1.1729216 0.8769004 1.0951793 0.9534119 1.4332641 2.0071975 1.1025044 1.1687726 1.1549809 1.0495338 0.9832571 0.9482519 0.9803188 0.9182668 1.1707145 1.1638237 1.0125886 1.0290973 1.1015654 1.0438383 1.1084811 0.9487655 1.8373917 1.8373917 1.1458439 1.0311454 1.1015696 1.2265957 0.9070914 1.1177249 0.9918467 1.4310849 1.0848543 1.3166836 1.0573345 1.1076653 1.1536643 1.1253097 1.0921730 1.0874654 1.3685291 
Cebus_capucinus____platyrrhini_XP_017380788.1_PREDICTED__LOW_QUALITY_PROTEIN__zinc_finger_protein_681-like__Cebus_capucinus_imitator_                2.6905364 2.8205263 2.4916241 2.5813817 0.3838865 0.3742428 0.3556829 0.3947700 0.3947700 0.3580267 0.3838865 0.5198590 0.3979170 0.5452420 0.4879483 0.4945375 0.5497147 0.5743576 0.4576676 0.4579527 0.4214173 0.5998032 0.4796129 0.0000000 0.4812683 0.5575397 0.5945871 0.8859562 0.9169153 0.8563464 0.9942090 0.7217949 0.8152921 1.0502355 0.9138092 0.8895303 1.0537585 0.9299998 0.9003598 1.0420464 0.9714859 0.7744082 1.1045329 1.1373830 1.1663370 1.3407598 1.2556284 1.3601646 1.3601646 1.3601646 0.8866612 1.0628206 0.9037360 1.6761184 0.8013819 0.9962150 1.1222836 0.8767307 1.0341380 0.8668431 1.1932542 1.3621347 0.9577385 0.9854372 1.1225464 0.9654560 0.8533346 0.6625379 0.8872074 0.7015248 0.8351230 1.0829430 0.8833896 0.9150072 0.9172913 1.0114056 1.0295549 0.9304449 1.7106140 1.7106140 1.0650608 0.9599058 1.0485377 1.1712398 0.9944997 1.0790577 1.0365468 1.3061199 0.9285407 1.2827106 1.1477495 1.0324258 1.1427300 1.1384376 1.0952570 1.1027063 1.2940904 
Nomascus_leucogenys____hylobatidae_XP_012364870.1_PREDICTED__LOW_QUALITY_PROTEIN__zinc_finger_protein_208-like__Nomascus_leucogenys_                 3.2450489 3.4044682 3.0334001 3.0811299 0.3916668 0.3814806 0.3648014 0.4049996 0.4049996 0.3697515 0.3916668 0.4824964 0.3994943 0.4369985 0.5526345 0.5303627 0.5413830 0.5574973 0.4942034 0.4378603 0.4481055 0.5539052 0.5375352 0.4812683 0.0000000 0.5601553 0.6256119 0.8105379 0.8423556 0.9458025 0.9183595 0.7202143 0.7539665 0.9566702 0.9052130 0.9406775 0.9676999 0.8765412 0.8519938 0.9614264 0.9949351 0.7533003 1.0485698 1.0596636 1.1145311 1.2107421 1.0927159 1.3352479 1.3352479 1.3352479 0.8393124 1.0114979 0.7940487 1.4781338 0.8208214 0.9811237 1.0383310 0.7957736 1.0113349 0.8698699 1.2144936 1.4103230 1.0381105 1.0355948 1.0755377 0.9116703 0.8603249 0.6638829 0.8213107 0.6706559 0.8287454 1.0386716 0.8708288 0.9099804 0.8806886 0.9473419 1.0295615 0.8855649 1.6326758 1.6326758 1.1029033 1.0087960 1.1258527 1.1207652 1.0516677 1.1459561 1.1482048 1.4859895 1.0392548 1.3104294 1.1774716 1.2173744 1.1907849 1.1639015 1.1247971 1.1377754 1.2462015 
Nomascus_leucogenys____hylobatidae_XP_012360600.1_PREDICTED__LOW_QUALITY_PROTEIN__zinc_finger_protein_91-like__Nomascus_leucogenys_                  1.6446500 1.6993721 1.6598504 1.5628725 0.4903019 0.4668629 0.4807225 0.4800246 0.4800246 0.4814802 0.4903019 0.4734404 0.5222681 0.6049652 0.5041520 0.5242718 0.5574707 0.5514103 0.5401249 0.4982297 0.5092030 0.5722180 0.5105712 0.5575397 0.5601553 0.0000000 0.7253730 1.0490353 1.0099925 1.2860346 0.9492439 0.8539400 1.0069145 2.1904304 1.4973454 1.2726379 0.9647699 1.4231599 1.0120793 1.8328368 1.1073158 0.7867762 0.8825551 0.8926156 1.0053970 0.9692108 0.8614971 1.5993065 1.5993065 1.5993065 0.8989748 0.9715247 1.0476448 1.1994524 0.8479559 0.8285822 1.3165300 1.1007226 1.0454196 0.9124692 1.2652520 2.8827297 0.9907037 1.0079614 0.9892714 1.1695613 0.8240457 0.7684625 1.4827049 0.7834421 0.8788778 2.2551856 2.0325165 2.1947838 1.4318691 1.5121992 1.3670186 1.6040931 1.6010639 1.6010639 1.2257705 1.2823983 1.1317967 1.5253507 1.0162770 1.6493841 1.9350959 1.0987349 0.9660641 1.3794817 1.6600395 1.6266268 1.2903134 1.5183497 1.6044823 1.5742934 1.5689622 
Carlito_syrichta____tarsiidae_XP_021565913.1_zinc_finger_protein_208-like__Carlito_syrichta_                                                         2.9220127 3.0301176 2.8680375 2.9008924 0.7067126 0.6664558 0.6476304 0.7120653 0.7120653 0.6542249 0.7067126 0.6802536 0.6521557 0.6874893 0.6702559 0.6858229 0.6941609 0.6814177 0.6580855 0.5856558 0.6080608 0.6729315 0.6578812 0.5945871 0.6256119 0.7253730 0.0000000 0.9485751 0.9861752 0.9443411 1.0590032 1.0599854 1.0755155 0.8453380 1.0807626 1.1612390 1.1447683 1.6031540 2.1730195 3.3124876 1.5457718 0.9751297 1.3546334 1.3047805 1.3791358 1.7905575 1.5670371 1.4978482 1.4978482 1.4978482 0.9539475 1.2190880 1.1414040 1.0766068 0.9005607 1.4002246 1.7995527 1.5886714 1.2414737 0.9216596 1.3136106 1.2972460 1.0931173 1.0854107 1.1303765 0.9804374 0.8822926 0.7527120 0.8866601 0.8302656 0.9068892 1.0322112 0.9324068 0.9748699 1.0793380 1.0002929 1.0015277 0.9709691 1.6118123 1.6118123 1.2165109 1.0726093 0.9673222 1.1455508 1.0276538 1.0854921 1.0224191 1.3746414 0.9425815 1.2738036 1.2432619 1.1783878 1.2126847 1.1823700 1.1637112 1.1628731 1.2480932 
Mus_musculus____rodentia_NP_898969.2_uncharacterized_protein_LOC212281__Mus_musculus_                                                                3.5750200 3.3146497 3.1942951 3.3420807 2.2373572 1.2743886 1.2660718 1.6549511 1.6549511 1.2903416 2.2373572 0.9012283 1.2616196 1.2175997 0.9297604 0.9934234 0.9138246 1.1536704 0.8118145 0.8450097 0.9748613 0.8892151 0.9485788 0.8859562 0.8105379 1.0490353 0.9485751 0.0000000 0.2579351 0.9408516 1.2417938 0.9315449 0.9734330 1.2785447 1.2958530 0.9296386 1.2012462 0.9777372 1.7061298 3.4357462 0.7839944 0.9206591 3.4237389 3.2409627 3.1889230 2.3650720 1.9791096 1.7653726 1.7653726 1.7653726 9.0000000 2.0385512 9.0000000 9.0000000 9.0000000 1.8506749 4.0216625 9.0000000 1.4447692 1.3103031 2.0568123 2.0294284 1.2583819 1.2537110 1.3662720 1.1277545 1.2361962 0.6110283 1.1126863 0.7940647 0.7221989 1.1057838 1.2542718 1.2826934 1.4791033 1.2708006 1.3389679 1.2895529 1.6900140 1.6900140 1.3720230 1.3422506 1.3584142 1.0653746 1.2895266 1.4370455 1.3074219 1.7433804 1.0763541 1.3472896 1.2369582 1.1728204 1.1653278 1.1714604 1.1187563 1.1238279 1.2322516 
Mus_musculus____rodentia_NP_001156718.1_zinc_finger_protein__Mus_musculus_                                                                           3.2135270 3.2800004 2.9406694 3.1942974 1.5041659 1.2263960 1.1448505 1.4678974 1.4678974 1.1617723 1.5041659 1.0933326 1.2066216 1.1854997 0.9941522 1.0296286 1.0105906 1.0889910 0.8809437 0.8980380 1.0851926 0.9959310 1.0116705 0.9169153 0.8423556 1.0099925 0.9861752 0.2579351 0.0000000 1.0264586 1.1996869 1.0439849 1.0781259 1.3730768 1.4326041 0.9457158 1.2995418 1.2421268 2.5506291 4.3315415 1.2882768 1.0610126 2.0550701 1.9374677 1.9914847 2.2979065 1.9425966 1.7636765 1.7636765 1.7636765 1.0479074 1.6497504 1.6648377 0.9931399 1.5634287 1.9527857 4.5533111 9.0000000 1.4439275 1.2725335 1.8290660 2.0575215 1.2965969 1.2350065 1.4028378 1.1861609 1.2153959 0.6286754 1.2049480 0.8081297 0.7717956 1.2188128 1.3069684 1.3226481 1.4501187 1.3104902 1.4042969 1.3136278 1.7238901 1.7238901 1.4522853 1.3874186 1.3433477 1.1533040 1.3205040 1.4683271 1.3489293 1.8084079 1.2114417 1.3884546 1.2829799 1.2416043 1.2248787 1.2172902 1.1775966 1.1717403 1.3100066 
Otolemur_garnettii____lorisoidea_XP_012669420.1_LOW_QUALITY_PROTEIN__zinc_finger_protein_493-like__Otolemur_garnettii_                               2.8650673 2.9204996 2.7387639 2.6220053 2.3328110 1.7630422 1.5690229 2.5280548 2.5280548 1.6273174 2.3328110 1.0248942 1.8654185 1.6659315 1.0136835 1.0389852 0.9711381 1.3186259 0.8076040 0.9293512 1.1099202 0.9907364 0.8465578 0.8563464 0.9458025 1.2860346 0.9443411 0.9408516 1.0264586 0.0000000 1.2059969 0.5873669 0.6378800 0.6554679 1.1396068 0.5009470 0.6815151 0.6942925 1.1602205 4.4323019 0.7682919 0.7674089 2.2522211 2.1296748 2.1112189 2.0113887 1.7140263 1.6637277 1.6637277 1.6637277 1.0881222 1.4962029 1.6168554 1.0607638 1.3188348 1.4003415 2.9836543 9.0000000 1.1115246 0.9817854 1.5305665 1.6896632 1.0378312 1.0860129 1.1069801 0.9537423 0.9169962 0.7354724 0.9846984 0.9701939 0.7576968 0.9296889 1.0605619 1.1013570 1.2291113 1.1029068 1.1141666 0.9625634 1.3546119 1.3546119 0.9988106 1.0728419 0.9853489 0.8579410 1.0377298 1.1364653 1.1558754 1.5909262 0.8710823 0.9826815 0.9778793 0.7744009 0.8509143 0.8559445 0.8194045 0.8230778 0.9031318 
Orycteropus_afer____afrotheria_XP_007952454.1_PREDICTED__zinc_finger_protein_62_homolog__Orycteropus_afer_afer_                                      3.3019268 3.0686517 3.1648587 2.9187500 1.2068203 1.1755655 1.1698917 1.1718015 1.1718015 1.1860264 1.2068203 1.1204058 1.2398243 1.2244659 1.1649552 1.0933236 1.1511957 1.1195351 1.0433781 0.9617734 1.0527368 1.0557987 1.0789624 0.9942090 0.9183595 0.9492439 1.0590032 1.2417938 1.1996869 1.2059969 0.0000000 2.6570242 2.7547495 2.2536397 1.5813530 2.7134275 3.0586032 1.9233859 2.2189275 5.9414517 3.4530622 1.0743574 1.7494262 1.7386104 1.8858515 2.1672586 1.7909376 1.6588064 1.6588064 1.6588064 0.8938603 1.4369691 1.6436382 0.8507117 1.1637883 1.4553889 8.2112029 9.0000000 1.3361302 1.0516602 2.0288646 2.0848727 1.3268606 1.3351886 1.1272660 1.3470434 1.1904153 1.1104547 1.0519830 1.2397969 0.9612155 1.1641619 1.2871832 1.3423132 1.5664816 1.2633168 1.3930164 1.1304392 1.5824539 1.5824539 1.1595792 1.1262658 1.0928431 1.2572219 1.1473919 1.2868700 1.2206341 1.6217626 1.1263665 1.2301222 1.1469193 1.2290825 1.1757920 1.1232818 1.1014045 1.1225558 1.2105387 
Dasypus_novemcinctus____xenarthra_XP_012375896.1_zinc_finger_protein_836-like__Dasypus_novemcinctus_                                                 3.3447472 5.8055884 2.0129974 1.9207961 0.7810955 0.6872454 0.6958613 0.7331221 0.7331221 0.6902103 0.7810955 0.8206045 0.7234202 0.7993619 0.9136255 0.9519905 0.8277025 0.7750156 0.8228949 0.8616255 0.9120182 0.8178139 1.0641366 0.7217949 0.7202143 0.8539400 1.0599854 0.9315449 1.0439849 0.5873669 2.6570242 0.0000000 0.5842650 0.7805179 0.6778056 1.0158850 0.9327796 1.0222328 0.9565963 1.0103305 1.0958709 0.8356951 1.0647521 1.1308508 1.0876571 0.9288804 1.0197585 1.4700033 1.4700033 1.4700033 1.1650642 1.0734145 0.9538741 1.6805532 1.0864856 0.7894156 1.0125832 0.7548696 0.8824491 0.5280246 0.8345911 0.8373779 1.0031731 1.4806267 1.0088035 1.2602605 1.0650233 0.9488435 0.8989794 0.8954308 0.9778509 0.8500150 0.9454658 0.9473580 0.9572056 0.8240510 0.8155158 0.7545014 1.2865039 1.2865039 0.8655010 0.8094760 0.7341672 0.9792790 1.1164795 1.1055741 1.2463799 0.7325635 0.7784183 1.3084430 3.1444970 3.2758866 2.2749452 3.0229405 2.5253759 2.2749452 2.7443640 
Dasypus_novemcinctus____xenarthra_XP_012381290.1_zinc_finger_protein_665-like__Dasypus_novemcinctus_                                                 2.5821034 4.2420749 1.8050360 1.7301480 0.8104276 0.7385735 0.7474934 0.7685937 0.7685937 0.7473796 0.8104276 0.9779372 0.8436424 0.8963935 1.0357853 1.0463474 0.8408105 0.8008891 0.9623022 0.9399498 1.0067963 0.8382714 0.9065377 0.8152921 0.7539665 1.0069145 1.0755155 0.9734330 1.0781259 0.6378800 2.7547495 0.5842650 0.0000000 0.7785006 0.7386509 0.9721774 1.0470072 0.9880072 1.0481759 0.9779351 0.9704757 0.9341256 0.9543651 1.0043722 0.9937268 0.8291058 0.8194569 1.3851451 1.3851451 1.3851451 0.9791639 0.9962643 0.9077486 1.6041142 1.1062899 0.8400949 0.9443977 0.7801502 0.9593092 0.9095937 0.9255009 0.8234685 1.0698922 1.5205295 1.0189488 1.0851677 1.0042527 1.0423376 0.9428883 0.9523922 1.0808666 0.9040128 0.9274222 0.9238160 1.0010660 0.8014994 0.8501571 0.6032398 1.3428076 1.3428076 0.6624746 0.9067234 0.6818542 0.9998697 1.2033633 1.0382905 1.1123756 0.6206684 0.7794619 1.2038076 2.2343799 2.3079032 1.7289678 2.1720062 1.8987899 1.7289678 2.1855574 
Panthera_tigris____carnivora_XP_007094057.2_PREDICTED__LOW_QUALITY_PROTEIN__zinc_finger_protein_160__Panthera_tigris_altaica_                        4.9625217 7.9943347 3.4342313 3.4232802 0.9015047 0.7918181 0.7934652 0.8592323 0.8592323 0.7935719 0.9015047 0.9851186 0.9015808 0.8934872 0.8408479 0.9029635 0.9104226 0.8721277 1.2685456 1.3321661 1.4361239 1.2312992 1.2682889 1.0502355 0.9566702 2.1904304 0.8453380 1.2785447 1.3730768 0.6554679 2.2536397 0.7805179 0.7785006 0.0000000 0.7970861 0.9130688 1.0380880 1.0598944 1.1617449 1.1063907 1.1175957 0.9183160 1.1757765 1.1604721 1.1602126 0.8235734 0.8871769 1.4238359 1.4238359 1.4238359 1.1086974 1.1358942 1.0832887 1.6876082 1.2773055 0.8723631 1.0561268 0.8437388 0.9874687 1.0051954 1.0186032 0.8435331 1.0826537 1.3723257 0.9779553 1.1062788 1.0769350 1.0917643 0.9108709 1.0571008 1.0552979 0.7067708 0.7461406 0.7557580 0.9926002 0.8090896 0.9801489 0.6783254 1.4051456 1.4051456 0.8211775 0.8233637 0.6717962 0.8747198 1.1221020 1.1650449 1.1825735 0.8588198 0.6213317 1.3103325 2.4827973 2.8571579 1.9871178 2.6435356 2.2186985 1.9871178 1.6860696 
Equus_caballus____perissodactyla_XP_023505182.1_zinc_finger_protein_845__Equus_caballus_                                                             2.9491978 3.0938718 2.8042914 2.9455420 0.8355939 0.7697057 0.7742210 0.8140220 0.8140220 0.7761923 0.8355939 1.0052274 0.7960879 0.8300651 0.9615645 1.0078856 0.9738239 0.9250465 0.8532303 0.9529051 1.0570318 1.0250035 1.0428705 0.9138092 0.9052130 1.4973454 1.0807626 1.2958530 1.4326041 1.1396068 1.5813530 0.6778056 0.7386509 0.7970861 0.0000000 0.8376258 0.9318606 1.0020723 0.9670039 0.9562478 1.0535260 0.9006719 1.4458946 1.4610086 1.4367964 1.3578634 1.2728005 1.3920433 1.3920433 1.3920433 1.2291284 1.4679469 0.9996022 1.4759665 1.1617640 1.1697450 0.8949819 0.7375234 0.9354286 0.8803989 1.0309851 1.2373368 0.9752139 1.3003961 0.9809841 0.9805309 0.8938192 0.7988961 0.9006903 0.7415296 0.7869005 0.9963774 1.1073351 1.0928288 0.9249484 0.9948455 0.9290958 0.8647974 1.4520013 1.4520013 1.0124018 0.9413383 0.8247885 0.9771749 0.9116971 1.0282508 0.8692095 1.1888461 0.8340619 1.0598407 1.0766249 0.9412895 0.9255154 0.8869014 0.8798933 0.8665070 0.9940598 
