98
Hsap_unidentified_Zinc_Protein                                                                                                                         0.0000000 2.0275770 2.0265608 2.2324433 1.9243507 0.0374316 2.0767135 1.9880554 2.1837719 1.7169839 1.9870406 1.9361916 2.1008467 2.3936665 1.9133816 2.2093833 1.8462408 2.1141795 2.2056337 2.0638988 2.1608776 2.1157945 0.2323441 2.1601003 2.1975511 2.1157945 1.8240847 1.9219278 2.1487206 2.1687931 2.1607324 1.8455051 1.7771798 2.1546368 2.1713684 2.0315134 2.3853573 1.7443257 2.2732401 1.9762141 2.0595030 2.4934823 2.2037381 2.0837425 1.6894267 2.0265608 2.1081323 2.3828119 2.1713684 1.9608823 1.9519853 1.9204102 2.6372698 1.9691805 2.2464038 1.8902607 1.9304897 1.8178240 1.4334018 1.7316900 1.8951494 1.8493859 0.2110918 0.0986731 0.0051027 1.7418562 1.7412017 2.0164290 1.9362020 1.7959181 2.0703022 2.0102030 1.9752185 0.2193276 2.0757929 1.9758232 2.2227467 2.1536140 0.1470115 1.8023306 1.7524636 1.4986086 2.1713684 1.8943207 1.9476051 2.1312077 1.6807280 0.2365819 1.8316157 1.6519237 1.7037779 1.7295067 1.9872409 0.0181252 1.5711530 0.0438110 2.3757625 1.9513432 
Loxodonta_africana____afrotheria_XP_023399395.1_zinc_finger_protein_271-like__Loxodonta_africana_                                                      2.0275770 0.0000000 0.7921973 0.7906425 0.7924966 2.0327544 0.9122398 0.7472389 0.9022642 0.9569216 0.7453430 0.8640910 0.7840252 0.8673221 0.7504909 0.9881957 0.6726252 0.8651346 0.8669746 0.6703593 0.8141376 0.7909924 2.0366387 0.7784234 0.7134097 0.7909924 1.0169116 0.6321705 0.8289645 0.7675746 0.8485127 0.7000908 0.6862302 0.8736299 1.0588867 0.7968876 0.9418943 0.6318711 0.8436463 0.7196667 0.8671223 0.8926243 0.8651680 0.8005064 0.6994864 0.7921973 1.0527493 0.8021827 1.0588867 0.7781937 0.7850350 0.7129855 1.0920279 0.6251750 0.8613281 0.7174222 0.6533730 0.6816677 0.6812738 0.6355841 0.7459644 0.6910280 2.0563811 2.1602238 2.0220237 0.6126896 0.7955073 0.8082192 0.8174138 0.9400091 0.7114832 0.7008430 0.8580218 2.0600689 0.6899533 0.7480464 0.8042395 1.0231106 1.9415549 0.6276578 0.6746761 0.7366976 1.0622608 0.7332590 0.8130140 0.9250399 0.7190064 1.9536940 0.7438465 0.6356683 0.6486284 0.5630325 0.7555613 2.0644214 0.5858244 2.0697100 1.0306668 0.6860213 
Phascolarctos_cinereus____metatheria_XP_020827825.1_zinc_finger_protein_208-like__Phascolarctos_cinereus_                                              2.0265608 0.7921973 0.0000000 0.7837251 0.6957579 2.0501424 0.9246961 0.8378496 0.9101974 0.8529337 0.6813836 0.7078356 0.9082862 0.8877016 0.8091620 1.0044498 0.6453044 0.8892523 0.8917294 0.6942064 0.7674197 0.9099326 1.9772671 0.7415650 0.7459914 0.9099326 0.9485675 0.6641341 0.8967418 0.7272489 0.9327129 0.7193314 0.6218289 0.7994393 1.1335381 0.8732187 0.9785515 0.6079721 0.8056309 0.7087111 0.9334985 0.9153868 0.9207673 0.8628393 0.7458629 0.0000010 0.9252168 0.8771980 1.1335381 0.8516193 0.7189105 0.6801296 1.0048930 0.6344205 0.8444931 0.8783906 0.6246326 0.6953821 0.5943056 0.6904885 0.7009949 0.6719353 2.2334064 2.1910704 2.0265084 0.6709816 0.8718496 0.8342241 0.8016590 0.8935255 0.7495335 0.6229854 0.8257946 2.0852905 0.7229172 0.8449524 0.7759236 1.1538358 1.9789605 0.6919436 0.7642466 0.6921745 1.1362191 0.7534520 0.8435319 0.9855792 0.7390499 2.0431750 0.6988980 0.6982791 0.7178069 0.5851832 0.6948085 2.0961613 0.5451514 2.1088483 0.9695810 0.6775355 
Cebus_capucinus____platyrrhini_XP_017369134.1_PREDICTED__zinc_finger_protein_268__Cebus_capucinus_imitator_                                            2.2324433 0.7906425 0.7837251 0.0000000 0.8658400 2.2276861 1.1414840 0.8977212 0.9445596 0.7367001 0.7730815 0.8288580 0.8267655 1.0404716 0.9106190 1.0307455 0.6889879 0.9767958 0.9798218 0.7327108 0.8474895 1.0033583 2.2268367 0.8106507 0.7488854 1.0033583 0.9010415 0.7317473 1.0055526 0.8667672 1.0880342 0.6846186 0.7119130 0.7142941 1.3542629 0.9224572 1.0467979 0.5873648 0.8426254 0.6879492 1.0641526 1.0462194 0.9648593 0.9281196 0.7882302 0.7837251 1.0406815 0.9577181 1.3542629 0.9255556 0.8220042 0.7314540 0.6699039 0.6938731 0.8421369 0.8357226 0.6008945 0.7638567 0.6178682 0.6953634 0.7684570 0.5551583 2.4632212 2.3814332 2.2330927 0.6888619 0.8636727 0.9357525 0.6971065 0.7831088 0.7355407 0.7500024 0.7861778 2.3510860 0.7095046 0.8905569 0.8413452 1.3629633 2.2774782 0.7408363 0.7038168 0.6076925 1.3649768 0.6777362 0.9233502 0.9890182 0.8122665 2.1971378 0.7508598 0.6798307 0.6492561 0.6033254 0.6868898 2.2846725 0.5788444 2.3243391 1.0163002 0.8551689 
Propithecus_coquereli____indriidae_XP_012498791.1_PREDICTED__zinc_finger_protein_208-like__Propithecus_coquereli_                                      1.9243507 0.7924966 0.6957579 0.8658400 0.0000000 1.8734730 0.7016185 0.6199021 0.7377459 0.6925047 0.5245867 0.7978687 0.6823453 0.6391222 0.5863127 0.8597434 0.5773866 0.6561582 0.7053589 0.7091928 0.8108291 0.6639913 1.9160975 0.5941417 0.7218964 0.6639913 0.6938991 0.4647724 0.6496548 0.7369883 0.6731989 0.7184026 0.6163725 0.8820504 0.9347077 0.6214505 0.7705749 0.6076781 0.7772712 0.7114657 0.6458884 0.6762280 0.8199277 0.6576607 0.6255422 0.6957579 0.8974081 0.6292486 0.9347077 0.6382505 0.7070231 0.5622283 1.1028984 0.6041318 0.5681725 0.7940640 0.5783061 0.6099020 0.5697901 0.6221124 0.6581427 0.7426087 2.0683561 1.9828871 1.9179480 0.5144479 0.7757932 0.6223694 0.5296991 0.9203731 0.6463276 0.6633127 0.6953616 2.0877740 0.6787098 0.6163950 0.5524477 0.9442084 1.9171607 0.6193039 0.6073413 0.6447489 0.9320452 0.7466172 0.6268534 0.9368216 0.6432650 2.0039561 0.7175079 0.5976014 0.6380159 0.5701487 0.6943978 1.9120345 0.5601647 1.9289213 0.9736882 0.4753943 
Nomascus_leucogenys____hylobatidae_XP_003264475.1_PREDICTED__zinc_finger_protein_648__Nomascus_leucogenys_                                             0.0374316 2.0327544 2.0501424 2.2276861 1.8734730 0.0000000 2.0686519 1.9748978 2.1574369 1.7271784 2.0082397 1.9718578 2.0699279 2.3954409 1.9063148 2.1651372 1.8567016 2.0981213 2.1943670 2.0810705 2.1988126 2.1159153 0.2519829 2.1855974 2.2346414 2.1159153 1.8477905 1.9121113 2.1489973 2.1839036 2.1383443 1.8340185 1.7882021 2.1545246 2.1738795 2.0201512 2.3970314 1.7698379 2.3000129 1.9884777 2.0498971 2.4956006 2.2188047 2.0849951 1.7047352 2.0501424 2.1467304 2.3726004 2.1738795 1.9603628 1.9840561 1.9461400 2.6386672 1.9868698 2.2633290 1.9021983 1.9163723 1.8284254 1.4539098 1.7388537 1.8895440 1.8602974 0.2386221 0.1091710 0.0319113 1.7386813 1.7309835 2.0034579 1.9508998 1.8085333 2.0892273 2.0263338 1.9953025 0.2515419 2.0723565 1.9591679 2.2623880 2.1560615 0.1601478 1.8026146 1.7758423 1.5361522 2.1738795 1.8695490 1.9301560 2.2157323 1.7010687 0.2575425 1.8560577 1.6537195 1.7236080 1.7397935 2.0183668 0.0429794 1.5892178 0.0643853 2.3500475 1.9481978 
Pongo_abelii____ponginae_XP_024093053.1_LOW_QUALITY_PROTEIN__zinc_finger_protein_729__Pongo_abelii_                                                    2.0767135 0.9122398 0.9246961 1.1414840 0.7016185 2.0686519 0.0000000 0.3901552 0.4769800 0.8185506 0.5979574 1.0265322 0.5333153 0.1986690 0.3714239 0.8609745 0.7481335 0.4579196 0.4631398 0.8250829 0.8999123 0.3895337 1.9941110 0.7570884 0.7307213 0.3895337 0.8795213 0.5923046 0.3859419 0.7823517 0.1041609 0.7776177 0.7570803 1.1140348 1.0136380 0.4528727 0.4987111 0.8256422 0.9409926 0.8078969 0.1340217 0.2141126 0.8351583 0.4327110 0.7590293 0.9246961 0.9431046 0.4301124 1.0136380 0.3926826 0.8003270 0.6725754 1.2927521 0.8193894 0.8265252 0.8889672 0.8038777 0.6795281 0.8501517 0.7099238 0.8468883 0.9289076 2.1653059 2.2466381 2.0698369 0.6035411 0.9883261 0.3881952 0.8367140 1.0071062 0.7799019 0.8173057 0.8436767 2.0607942 0.8280032 0.4134738 0.6949500 1.0183496 1.9896884 0.7381957 0.7479932 0.8343081 1.0107304 0.8833100 0.3810311 0.9295535 0.7941819 2.0623939 1.0051486 0.6960146 0.6868957 0.6499039 0.9119023 2.1321010 0.8175068 2.1726657 1.0618375 0.6193238 
Homo_sapiens____homonina_XP_016882724.1_zinc_finger_protein_91_isoform_X1__Homo_sapiens_                                                               1.9880554 0.7472389 0.8378496 0.8977212 0.6199021 1.9748978 0.3901552 0.0000000 0.3590976 0.6964845 0.5403064 0.8556496 0.4833629 0.3337084 0.3164249 0.7666002 0.6104097 0.4191917 0.4770566 0.6346630 0.7733981 0.0253665 1.9657400 0.6011539 0.6292756 0.0253665 0.8088410 0.4958984 0.0253665 0.7055018 0.3666271 0.6343789 0.6479581 0.9087925 0.9462333 0.3654895 0.2053304 0.7152914 0.7651363 0.6427343 0.3470828 0.3656070 0.7644022 0.3263381 0.6223127 0.8378496 0.8790139 0.3770897 0.9462333 0.0167178 0.6752757 0.5475529 1.1607899 0.6078873 0.7145446 0.7534674 0.6652042 0.5256254 0.6661906 0.5642824 0.6852188 0.7500397 2.1558074 2.1344026 1.9812912 0.4636762 0.7990305 0.0165735 0.6560514 0.9315599 0.5964543 0.6979036 0.7304153 2.0668239 0.6338778 0.3176674 0.6131684 0.9462333 1.8626514 0.6094805 0.6259207 0.6429761 0.9433877 0.7172594 0.0169315 0.8094048 0.6146014 1.9721194 0.7856105 0.5675718 0.5512246 0.4912035 0.7552816 2.0290783 0.6347426 2.0762248 1.0017913 0.5557636 
Cebus_capucinus____platyrrhini_XP_017380786.1_PREDICTED__LOW_QUALITY_PROTEIN__zinc_finger_protein_254-like__Cebus_capucinus_imitator_                  2.1837719 0.9022642 0.9101974 0.9445596 0.7377459 2.1574369 0.4769800 0.3590976 0.0000000 0.7615078 0.6193692 0.9946039 0.5364344 0.4113264 0.3905961 0.8483645 0.7128707 0.5010899 0.5692655 0.7984286 0.8270694 0.3312642 2.0283968 0.7458213 0.7428159 0.3312642 0.7844798 0.5849302 0.3251349 0.8131547 0.4537413 0.7233419 0.7222738 0.9262557 1.0572503 0.5087929 0.4584450 0.7762685 0.8115869 0.7473996 0.4289881 0.4170455 0.8074777 0.4124634 0.7309459 0.9101974 0.9570066 0.4364361 1.0572503 0.3388888 0.8045201 0.6155360 1.2353174 0.7250357 0.8063363 0.8511972 0.7688794 0.6199310 0.8118152 0.6813043 0.7986624 0.8854050 2.3241277 2.3104719 2.1766925 0.5843583 0.9526105 0.3363140 0.7705687 0.9632255 0.7738463 0.7497732 0.7557150 2.3250175 0.7873925 0.4270359 0.7141476 1.0694389 2.1525454 0.6941129 0.6897294 0.8547896 1.0541378 0.8589207 0.3287136 0.9560942 0.7609653 2.2125154 0.9063912 0.7000026 0.6582511 0.5695633 0.8641692 2.1976572 0.7124857 2.2694882 1.1489636 0.6481940 
Propithecus_coquereli____indriidae_XP_012498850.1_PREDICTED__zinc_finger_protein_665-like__Propithecus_coquereli_                                      1.7169839 0.9569216 0.8529337 0.7367001 0.6925047 1.7271784 0.8185506 0.6964845 0.7615078 0.0000000 0.5809502 0.8619999 0.7780108 0.7730878 0.6951206 1.0019747 0.7158727 0.8329079 0.8826571 0.7775357 0.8883474 0.7132832 1.6388519 0.7275904 0.8693564 0.7132832 0.7130700 0.7341782 0.6944018 0.8858714 0.8861531 0.7869991 0.7673980 0.9337815 1.1419364 0.7349350 0.6843834 0.7035903 0.9673552 0.7102592 0.8168963 0.8013473 0.9173249 0.7532903 0.7426595 0.8529337 1.0704685 0.8117638 1.1419364 0.6891766 0.9277964 0.6563219 1.1168742 0.7826970 0.8170899 0.8877975 0.7245500 0.7086253 0.7024844 0.7045498 0.8059095 0.8577313 1.8207127 1.7788856 1.7090372 0.6054398 0.9743309 0.6727194 0.7249561 0.9351191 0.8059445 0.8074030 0.7311818 1.7653655 0.7722150 0.7793865 0.6509875 1.1592330 1.6525916 0.7601535 0.7133096 0.8007937 1.1377589 0.8215244 0.6727194 0.9988154 0.7940834 1.6866703 0.7325782 0.7474579 0.7065911 0.6595538 0.7079009 1.7598225 0.6383976 1.7597843 1.1071810 0.5597383 
Propithecus_coquereli____indriidae_XP_012498851.1_PREDICTED__LOW_QUALITY_PROTEIN__zinc_finger_protein_845-like__Propithecus_coquereli_                 1.9870406 0.7453430 0.6813836 0.7730815 0.5245867 2.0082397 0.5979574 0.5403064 0.6193692 0.5809502 0.0000000 0.8245318 0.5781262 0.5725612 0.5452993 0.8506336 0.5515406 0.6149370 0.5948835 0.7121534 0.7656119 0.6067692 1.9587241 0.5332946 0.6978930 0.6067692 0.6134441 0.4543824 0.5930479 0.7327230 0.5635859 0.6227568 0.6355165 0.8726512 0.8808826 0.5966450 0.7089981 0.6053760 0.7434639 0.6484223 0.5893291 0.6062692 0.7135602 0.5897498 0.5587052 0.6813836 0.8276000 0.5500321 0.8808826 0.5730831 0.6278371 0.4919107 1.0055735 0.5989362 0.5930523 0.8274185 0.5781096 0.6040466 0.6731781 0.5698731 0.6181401 0.6900254 2.1278657 2.1534665 1.9785850 0.4890025 0.8641286 0.5538096 0.5728387 0.8329092 0.6730582 0.6127828 0.6196158 2.0304365 0.6792844 0.5687943 0.4402282 0.8897976 1.9403294 0.6233074 0.6072902 0.7471499 0.8782574 0.7554582 0.5574904 0.7866280 0.5965969 2.0076937 0.6921231 0.5717069 0.5755925 0.5089293 0.6439022 2.0254640 0.5351716 2.0815047 1.0495161 0.4106696 
Ursus_arctos____carnivora_XP_026344621.1_zinc_finger_protein_250_isoform_X4__Ursus_arctos_horribilis_                                                  1.9361916 0.8640910 0.7078356 0.8288580 0.7978687 1.9718578 1.0265322 0.8556496 0.9946039 0.8619999 0.8245318 0.0000000 0.9095891 0.9584938 0.8506299 0.9847048 0.7004296 0.9635807 0.9398567 0.7018126 0.7632994 0.8811351 1.9044049 0.8374817 0.7726814 0.8811351 0.9914419 0.7221375 0.9088747 0.8425048 0.9472699 0.7187892 0.6934754 0.9307219 1.1604858 0.8914388 1.0439603 0.6516766 0.8413765 0.7189093 1.0099822 0.9743216 1.0209929 0.9458636 0.7323144 0.7078356 1.1550357 0.9987097 1.1604858 0.8314069 0.9574167 0.7678029 1.0922721 0.6987290 0.9386074 0.9493172 0.7024326 0.7003315 0.7575001 0.7048377 0.7193151 0.7755853 2.0039396 2.0982213 1.9297134 0.6875923 0.9113927 0.8718397 0.8767134 0.8198009 0.7376820 0.6916862 0.8314450 1.9570417 0.7340792 0.8563757 0.8209192 1.1284588 1.8278733 0.7272230 0.7655824 0.7934176 1.1632455 0.8223583 0.8684527 1.0655127 0.7423641 1.8164624 0.6748499 0.7604112 0.7089930 0.5870557 0.8284764 1.9634824 0.5412804 2.0166292 1.1616093 0.7829294 
Otolemur_garnettii____lorisoidea_XP_023364769.1_zinc_finger_protein_91-like__partial__Otolemur_garnettii_                                              2.1008467 0.7840252 0.9082862 0.8267655 0.6823453 2.0699279 0.5333153 0.4833629 0.5364344 0.7780108 0.5781262 0.9095891 0.0000000 0.5228905 0.4415335 0.8610540 0.6154382 0.4614283 0.6103132 0.7251881 0.8074659 0.4945740 2.0932884 0.6422069 0.6208850 0.4945740 0.7400245 0.5619086 0.4945740 0.8010729 0.5556661 0.5852244 0.7264738 0.8989580 0.9818427 0.5385420 0.5863776 0.7372158 0.8071525 0.7661836 0.5654641 0.5498776 0.7023113 0.4294363 0.6027292 0.9082862 0.7976675 0.5179185 0.9818427 0.4918775 0.6461316 0.5885788 1.0845764 0.6993360 0.6578369 0.6512489 0.6453816 0.6020867 0.6705550 0.6520994 0.6904591 0.8924338 2.1972608 2.2392675 2.0927791 0.5887556 0.6608188 0.4882835 0.6763265 0.9435935 0.7032841 0.7467785 0.6966012 2.1392735 0.7120397 0.4651295 0.6787417 0.9818427 2.0069968 0.6905544 0.6063918 0.6967795 0.9785573 0.7066911 0.4882835 0.7518634 0.6516549 2.0496210 0.8597249 0.5952296 0.6628662 0.5656780 0.8170666 2.1502581 0.6975523 2.2025432 0.8549018 0.5198284 
Pongo_abelii____ponginae_XP_024093058.1_zinc_finger_protein_99__Pongo_abelii_                                                                          2.3936665 0.8673221 0.8877016 1.0404716 0.6391222 2.3954409 0.1986690 0.3337084 0.4113264 0.7730878 0.5725612 0.9584938 0.5228905 0.0000000 0.2979168 0.7944560 0.7128662 0.4528111 0.4144762 0.7699230 0.8346470 0.3677949 2.1848099 0.6914722 0.6390781 0.3677949 0.8750316 0.5637603 0.3644737 0.7081370 0.1835747 0.7543257 0.6840097 1.0439063 0.9418815 0.4321538 0.4086243 0.7617285 0.8553936 0.7688886 0.1745485 0.0813605 0.8272224 0.3819150 0.7498175 0.8877016 0.9300406 0.3902168 0.9418815 0.3556328 0.7524906 0.6143960 1.3070707 0.7409610 0.7081142 0.8529695 0.7216300 0.6349594 0.7897995 0.6391761 0.8042594 0.8807293 2.4899881 2.5854040 2.3845067 0.5788388 0.9703120 0.3517468 0.7133537 1.1319200 0.7417962 0.7932366 0.7708868 2.3452976 0.7654288 0.3798998 0.6650422 0.9458830 2.2344156 0.6687877 0.7443608 0.7999681 0.9389011 0.8185643 0.3434729 0.9191042 0.7633468 2.3571426 0.9394315 0.6311752 0.6245816 0.5681490 0.8463908 2.4560759 0.7540879 2.4653021 1.0681060 0.5645921 
Nomascus_leucogenys____hylobatidae_XP_012364870.1_PREDICTED__LOW_QUALITY_PROTEIN__zinc_finger_protein_208-like__Nomascus_leucogenys_                   1.9133816 0.7504909 0.8091620 0.9106190 0.5863127 1.9063148 0.3714239 0.3164249 0.3905961 0.6951206 0.5452993 0.8506299 0.4415335 0.2979168 0.0000000 0.7522921 0.5609803 0.3944603 0.4719106 0.6464795 0.7671196 0.3110977 1.8213193 0.5753563 0.6074931 0.3110977 0.7344012 0.4588241 0.3052302 0.6714837 0.3786677 0.5940891 0.6034570 0.8790691 0.9103833 0.3925851 0.3449149 0.6675948 0.7356368 0.6113758 0.3532719 0.3283264 0.6952289 0.3461907 0.5795370 0.8091620 0.8700140 0.3916955 0.9103833 0.3237653 0.7012212 0.5581432 1.0428927 0.5811384 0.6877002 0.7658619 0.6493352 0.5279330 0.6466672 0.5476073 0.6781418 0.7610207 2.1091141 2.0540526 1.9069079 0.4796930 0.8354355 0.3144777 0.6507161 0.9550671 0.6331745 0.6740054 0.6930346 1.9840737 0.6535058 0.3270015 0.6236736 0.9193296 1.8491477 0.6076568 0.6020131 0.6690172 0.9078202 0.6798390 0.3153181 0.7959550 0.6019892 1.8734336 0.7876806 0.5310133 0.5547112 0.4701442 0.7211979 1.9518370 0.5983302 2.0175078 0.9055873 0.5418868 
Pteropus_vampyrus____chiroptera_XP_011370296.1_zinc_finger_protein_62_homolog_isoform_X1__Pteropus_vampyrus_                                           2.2093833 0.9881957 1.0044498 1.0307455 0.8597434 2.1651372 0.8609745 0.7666002 0.8483645 1.0019747 0.8506336 0.9847048 0.8610540 0.7944560 0.7522921 0.0000000 0.8153065 0.8200650 0.9333780 0.9404510 1.0987896 0.8088139 2.1551606 0.8668761 1.0635745 0.8088139 0.9901634 0.8066808 0.8088139 0.9546076 0.8100028 0.9697740 0.8766491 1.0443328 1.3954028 0.7999127 0.8274030 0.8401756 1.0048730 1.0013660 0.8030246 0.8096347 1.0718914 0.6749521 0.8868372 1.0044498 1.1737487 0.8089889 1.3954028 0.7573298 0.9720421 0.8400974 1.2736939 0.8998672 0.9795308 1.0984028 0.8341496 0.9220857 0.8011486 0.8845204 0.9309685 1.0149731 2.2791704 2.3273039 2.2018365 0.9021260 1.1412343 0.7756407 0.9705288 0.9259241 1.0166619 0.9579025 0.8957570 2.1779433 0.9237390 0.7719266 0.9220249 1.3954028 2.1113293 0.8551907 0.8946369 0.8038034 1.3983283 0.9425680 0.7853715 1.0791234 0.8644538 2.1083697 0.9336001 0.8542915 0.8888666 0.8062481 1.0394098 2.2581349 0.7851648 2.2870489 1.3392138 0.8982972 
Erinaceus_europaeus____eulipotyphla_XP_016045502.1_PREDICTED__zinc_finger_protein_665_isoform_X1__Erinaceus_europaeus_                                 1.8462408 0.6726252 0.6453044 0.6889879 0.5773866 1.8567016 0.7481335 0.6104097 0.7128707 0.7158727 0.5515406 0.7004296 0.6154382 0.7128662 0.5609803 0.8153065 0.0000000 0.7002808 0.6805909 0.5449124 0.6882545 0.6534979 1.8593094 0.5597082 0.6078368 0.6534979 0.7406043 0.4826879 0.6534979 0.6494249 0.7342939 0.5409296 0.5702711 0.7451394 0.9855958 0.6367330 0.6882959 0.5104104 0.6179574 0.5132344 0.7441309 0.7276504 0.7993088 0.6242903 0.4985139 0.6453044 0.8725932 0.6592609 0.9855958 0.6280138 0.6637053 0.5448081 0.9221031 0.4994725 0.6275870 0.7456010 0.4698600 0.4988500 0.5189865 0.5196682 0.5521170 0.6270135 2.0010127 1.9554571 1.8398422 0.4642551 0.7338503 0.6242866 0.6258820 0.7634797 0.5461899 0.5570023 0.6556151 1.9632166 0.5835055 0.5959683 0.5643065 0.9855958 1.8072787 0.5212029 0.5859719 0.6099666 0.9884078 0.6369234 0.6397124 0.8279839 0.5133232 1.8829260 0.6011485 0.5640476 0.5286373 0.4490508 0.6749235 1.8885013 0.4693909 1.8908726 0.8842701 0.5259591 
Gorilla_gorilla____gorillini_XP_018886338.1_PREDICTED__LOW_QUALITY_PROTEIN__zinc_finger_protein_107-like__Gorilla_gorilla_gorilla_                     2.1141795 0.8651346 0.8892523 0.9767958 0.6561582 2.0981213 0.4579196 0.4191917 0.5010899 0.8329079 0.6149370 0.9635807 0.4614283 0.4528111 0.3944603 0.8200650 0.7002808 0.0000000 0.5595126 0.7594396 0.8860560 0.4490230 2.0360594 0.7280195 0.7688974 0.4490230 0.8292466 0.5802318 0.4490230 0.8514836 0.4297306 0.6983088 0.7926775 0.9658815 1.0801492 0.5082900 0.5291965 0.7402278 0.8685646 0.7947833 0.4299938 0.4875175 0.7993511 0.4271079 0.7161288 0.8892523 0.9176624 0.4678773 1.0801492 0.4303182 0.7873335 0.6898669 1.2291054 0.7490473 0.7894513 0.8597153 0.7460380 0.6607418 0.7571656 0.6838903 0.7826259 0.9042457 2.2946438 2.2020724 2.1070227 0.6108877 0.9393429 0.4250671 0.7537726 0.9593326 0.7227330 0.7971461 0.8011957 2.1330343 0.7793395 0.4138542 0.6846825 1.0801492 2.0579279 0.7352452 0.7271772 0.7896863 1.0769229 0.7993064 0.4178633 0.8869105 0.7334121 2.1731959 0.8934900 0.6881572 0.6770552 0.6244918 0.8772003 2.1308947 0.6888110 2.2095931 1.1099475 0.6008833 
Carlito_syrichta____tarsiidae_XP_021566486.1_LOW_QUALITY_PROTEIN__zinc_finger_protein_208-like__Carlito_syrichta_                                      2.2056337 0.8669746 0.8917294 0.9798218 0.7053589 2.1943670 0.4631398 0.4770566 0.5692655 0.8826571 0.5948835 0.9398567 0.6103132 0.4144762 0.4719106 0.9333780 0.6805909 0.5595126 0.0000000 0.7818241 0.8537062 0.4998036 2.0303325 0.6886972 0.7402866 0.4998036 0.8724095 0.6133376 0.4894713 0.8045612 0.4448324 0.7257436 0.7168898 0.9952673 0.9357005 0.5439608 0.5383419 0.8006652 0.8823355 0.7395723 0.4502392 0.4323006 0.7822177 0.4961039 0.7180689 0.8917294 0.9374698 0.5023654 0.9357005 0.4923962 0.7696126 0.6722220 1.2166600 0.7810225 0.8437914 0.9591254 0.8027971 0.6666192 0.8494432 0.7075369 0.8346758 0.8630774 2.3560407 2.3320413 2.1984087 0.6035088 0.9616638 0.4769857 0.8645555 1.0250868 0.7125683 0.7608469 0.7729913 2.2161099 0.8478198 0.4805489 0.7124756 0.9453165 2.0852829 0.6474420 0.7275836 0.8658029 0.9330090 0.8989931 0.4720198 0.8385237 0.7457960 2.1403729 0.9119746 0.6927455 0.7045469 0.6159397 0.8113099 2.2385189 0.7538131 2.2979741 1.1415824 0.6747342 
Erinaceus_europaeus____eulipotyphla_XP_016049861.1_PREDICTED__LOW_QUALITY_PROTEIN__uncharacterized_protein_LOC103126390__Erinaceus_europaeus_          2.0638988 0.6703593 0.6942064 0.7327108 0.7091928 2.0810705 0.8250829 0.6346630 0.7984286 0.7775357 0.7121534 0.7018126 0.7251881 0.7699230 0.6464795 0.9404510 0.5449124 0.7594396 0.7818241 0.0000000 0.6601007 0.6782276 2.1182146 0.7119497 0.5682729 0.6782276 0.8637612 0.5528013 0.7002008 0.6284847 0.7596665 0.5630891 0.5599989 0.7909393 1.1111845 0.7270860 0.7620063 0.5333599 0.7080607 0.5678024 0.7945136 0.7789738 0.9051690 0.7260716 0.6520479 0.6942064 1.0280084 0.7843721 1.1111845 0.6407205 0.8636176 0.6433976 1.1062928 0.5579493 0.8253885 0.7474456 0.5877415 0.4772348 0.6097283 0.5049953 0.6443236 0.6810684 2.1734421 2.2228056 2.0571113 0.4652107 0.7578153 0.6595730 0.7778853 0.8004938 0.2510655 0.6136063 0.7802066 2.1169975 0.6565873 0.7061487 0.7086329 1.0827346 1.9690011 0.5007972 0.5210004 0.7334894 1.1139112 0.6690111 0.6587465 0.9345421 0.6679295 1.9810026 0.6435795 0.4841600 0.4969748 0.4018035 0.7613089 2.1283259 0.5196360 2.1353260 0.8908859 0.6143911 
Equus_caballus____perissodactyla_XP_005596295.1_zinc_finger_protein_780A_isoform_X1__Equus_caballus_                                                   2.1608776 0.8141376 0.7674197 0.8474895 0.8108291 2.1988126 0.8999123 0.7733981 0.8270694 0.8883474 0.7656119 0.7632994 0.8074659 0.8346470 0.7671196 1.0987896 0.6882545 0.8860560 0.8537062 0.6601007 0.0000000 0.7937553 2.0854456 0.8962840 0.6454860 0.7937553 0.9865846 0.6805743 0.7864179 0.6902002 0.8071873 0.5916380 0.6139914 0.8947244 1.1719159 0.7563036 0.8932968 0.6925403 0.8403602 0.6745524 0.8402205 0.8671018 0.9610514 0.8238760 0.7786347 0.7674197 1.0344338 0.8176284 1.1719159 0.7483920 0.9261614 0.8419376 1.2170719 0.7083454 0.9618206 0.9391708 0.6919775 0.5702137 0.8873937 0.6176063 0.8385763 0.8068736 2.3321095 2.3429800 2.1527619 0.5662015 0.8506189 0.7598053 0.9400492 0.8636299 0.5914394 0.7448159 0.8386050 2.2098208 0.7448486 0.7536881 0.8372460 1.2030873 2.0134168 0.6284437 0.6103083 0.9976703 1.1791399 0.8205434 0.7679990 1.0808543 0.7948812 2.0468956 0.7395607 0.6207558 0.6112632 0.5096691 0.8478771 2.1662204 0.6160174 2.2596998 1.1152479 0.7575148 
Pan_troglodytes____panina_XP_024207563.1_zinc_finger_protein_91_isoform_X2__Pan_troglodytes_                                                           2.1157945 0.7909924 0.9099326 1.0033583 0.6639913 2.1159153 0.3895337 0.0253665 0.3312642 0.7132832 0.6067692 0.8811351 0.4945740 0.3677949 0.3110977 0.8088139 0.6534979 0.4490230 0.4998036 0.6782276 0.7937553 0.0000000 2.1218056 0.6740696 0.6565998 0.0000010 0.8431888 0.5127985 0.0000010 0.7186791 0.3741036 0.6968696 0.6882997 0.9316716 1.0116207 0.4033608 0.2205770 0.7476351 0.7900741 0.6681001 0.3569716 0.3958948 0.8188612 0.3515059 0.6751708 0.9099326 0.9914774 0.3943760 1.0116207 0.0065311 0.7294599 0.5931017 1.2969044 0.6587111 0.7714069 0.7867483 0.7138307 0.5733925 0.7202699 0.5802546 0.7201734 0.8106836 2.3179205 2.3015974 2.1076618 0.5197721 0.8635128 0.0065311 0.7255634 1.0691125 0.6603419 0.6999537 0.7452618 2.2316819 0.6863662 0.3460477 0.6653041 1.0116207 2.0025940 0.6510842 0.6740370 0.7431905 1.0083397 0.7515692 0.0066798 0.8552075 0.6649276 2.0950745 0.8445959 0.5936872 0.5544550 0.5122826 0.7676893 2.1670118 0.6916156 2.2261994 1.0662321 0.5834568 
Carlito_syrichta____tarsiidae_XP_008061486.1_LOW_QUALITY_PROTEIN__zinc_finger_protein_648__Carlito_syrichta_                                           0.2323441 2.0366387 1.9772671 2.2268367 1.9160975 0.2519829 1.9941110 1.9657400 2.0283968 1.6388519 1.9587241 1.9044049 2.0932884 2.1848099 1.8213193 2.1551606 1.8593094 2.0360594 2.0303325 2.1182146 2.0854456 2.1218056 0.0000000 2.0469844 2.2799016 2.1218056 1.8587325 1.8605282 2.1313888 2.1139282 2.1636126 1.7748780 1.6984284 2.1372204 1.9326147 1.8845469 2.3095381 1.7169214 2.1416778 1.9207171 1.9990011 2.2694819 2.1198915 1.9921860 1.7464594 1.9772671 2.0678758 2.2685711 1.9326147 1.9452520 1.9260200 1.9188688 2.4864496 1.9352157 2.3161130 1.8366584 1.9606808 1.7855718 1.5423820 1.7482161 1.8863343 1.8128950 0.2894973 0.2826139 0.2317856 1.6370323 1.8615051 1.9819937 1.8934825 1.7028614 2.0040386 1.9390611 1.9392001 0.2475407 1.9357163 1.8594518 2.1623272 1.9237234 0.1868975 1.7763109 1.7323118 1.5728697 1.9326147 1.8968578 1.9330672 2.1481372 1.6662126 0.2468937 1.9061715 1.6721679 1.7473786 1.7137053 2.0064052 0.2382091 1.5073681 0.2598013 2.3981572 1.9242165 
Panthera_tigris____carnivora_XP_007094057.2_PREDICTED__LOW_QUALITY_PROTEIN__zinc_finger_protein_160__Panthera_tigris_altaica_                          2.1601003 0.7784234 0.7415650 0.8106507 0.5941417 2.1855974 0.7570884 0.6011539 0.7458213 0.7275904 0.5332946 0.8374817 0.6422069 0.6914722 0.5753563 0.8668761 0.5597082 0.7280195 0.6886972 0.7119497 0.8962840 0.6740696 2.0469844 0.0000000 0.7065779 0.6740696 0.7635341 0.4821150 0.6592172 0.8154945 0.7662036 0.7831630 0.7178944 0.9089308 1.0408723 0.6761009 0.7290911 0.6548278 0.7924202 0.6988128 0.7497223 0.6959768 0.8770012 0.6679188 0.6345952 0.7415650 0.9895059 0.6885643 1.0408723 0.6390508 0.8036489 0.5972017 1.0016070 0.6203745 0.5954996 0.8493186 0.6616770 0.6800306 0.6576588 0.6082108 0.7141220 0.7690978 2.3161954 2.3049305 2.1530193 0.5537286 0.9241425 0.6178518 0.5517566 0.9166608 0.6867171 0.6856608 0.7476845 2.1590206 0.6726213 0.6282888 0.5838577 1.0525649 2.1205881 0.6683815 0.6288741 0.6620565 1.0378527 0.7592740 0.6228794 0.9484727 0.6719155 2.0685305 0.8160777 0.5823189 0.6189597 0.5836303 0.7549075 2.1731673 0.6524050 2.2632071 1.0267334 0.5581317 
Galeopterus_variegatus____dermoptera_XP_008588630.1_PREDICTED__LOW_QUALITY_PROTEIN__zinc_finger_protein_420-like__Galeopterus_variegatus_              2.1975511 0.7134097 0.7459914 0.7488854 0.7218964 2.2346414 0.7307213 0.6292756 0.7428159 0.8693564 0.6978930 0.7726814 0.6208850 0.6390781 0.6074931 1.0635745 0.6078368 0.7688974 0.7402866 0.5682729 0.6454860 0.6565998 2.2799016 0.7065779 0.0000000 0.6565998 0.9171605 0.5066855 0.6565998 0.6247959 0.6568153 0.2899539 0.6384380 0.8650824 1.0647011 0.7050826 0.7190215 0.5518157 0.6696946 0.5944874 0.7126974 0.6756574 0.9605688 0.5963788 0.6478791 0.7459914 1.0481982 0.7160781 1.0647011 0.6366091 0.8335886 0.7143913 1.1049517 0.6396477 0.7043769 0.8134307 0.6318655 0.4981006 0.6516356 0.5315982 0.7226303 0.6837469 2.2647282 2.4093782 2.1991904 0.5038155 0.8053599 0.6385620 0.7312140 0.9407729 0.6030072 0.6211954 0.8053785 2.2294958 0.6683383 0.6568024 0.7103425 1.0647011 2.2296428 0.5310058 0.5355502 0.7345245 1.0681645 0.6565394 0.6417825 0.9840919 0.6564201 2.1771173 0.7997382 0.5409803 0.5024466 0.3900578 0.7438305 2.3152542 0.5330339 2.3191077 1.0287908 0.6376563 
Pan_troglodytes____panina_XP_024207567.1_zinc_finger_protein_91_isoform_X2__Pan_troglodytes_                                                           2.1157945 0.7909924 0.9099326 1.0033583 0.6639913 2.1159153 0.3895337 0.0253665 0.3312642 0.7132832 0.6067692 0.8811351 0.4945740 0.3677949 0.3110977 0.8088139 0.6534979 0.4490230 0.4998036 0.6782276 0.7937553 0.0000010 2.1218056 0.6740696 0.6565998 0.0000000 0.8431888 0.5127985 0.0000010 0.7186791 0.3741036 0.6968696 0.6882997 0.9316716 1.0116207 0.4033608 0.2205770 0.7476351 0.7900741 0.6681001 0.3569716 0.3958948 0.8188612 0.3515059 0.6751708 0.9099326 0.9914774 0.3943760 1.0116207 0.0065311 0.7294599 0.5931017 1.2969044 0.6587111 0.7714069 0.7867483 0.7138307 0.5733925 0.7202699 0.5802546 0.7201734 0.8106836 2.3179205 2.3015974 2.1076618 0.5197721 0.8635128 0.0065311 0.7255634 1.0691125 0.6603419 0.6999537 0.7452618 2.2316819 0.6863662 0.3460477 0.6653041 1.0116207 2.0025940 0.6510842 0.6740370 0.7431905 1.0083397 0.7515692 0.0066798 0.8552075 0.6649276 2.0950745 0.8445959 0.5936872 0.5544550 0.5122826 0.7676893 2.1670118 0.6916156 2.2261994 1.0662321 0.5834568 
Mandrillus_leucophaeus____cercopithecoidea_XP_011835084.1_PREDICTED__LOW_QUALITY_PROTEIN__zinc_finger_protein_845-like__Mandrillus_leucophaeus_        1.8240847 1.0169116 0.9485675 0.9010415 0.6938991 1.8477905 0.8795213 0.8088410 0.7844798 0.7130700 0.6134441 0.9914419 0.7400245 0.8750316 0.7344012 0.9901634 0.7406043 0.8292466 0.8724095 0.8637612 0.9865846 0.8431888 1.8587325 0.7635341 0.9171605 0.8431888 0.0000000 0.6916709 0.8223477 0.9490020 0.8752075 0.8176036 0.8838143 0.9255566 1.2147363 0.8186115 0.9281052 0.7504762 0.9569913 0.8782844 0.8584234 0.9069514 0.8298626 0.7307648 0.7336268 0.9485675 0.9657522 0.8308928 1.2147363 0.7978787 0.8105097 0.6308832 1.1638953 0.7930420 0.8857861 0.9740386 0.7540933 0.8158429 0.7860298 0.7945922 0.8952614 0.8715148 2.0197586 1.9049311 1.8170960 0.6194292 1.0615590 0.7801105 0.8384950 0.8804828 0.8469753 0.8276569 0.5905901 1.9192259 0.8811399 0.7306296 0.6767346 1.2320870 1.8462729 0.8722248 0.8235512 0.8072124 1.2106891 0.9102651 0.7801105 0.9440718 0.8115357 1.8537956 0.8702795 0.8589280 0.7784575 0.7094506 0.8229072 1.8434597 0.7324805 1.8883955 1.2251166 0.6233127 
Equus_caballus____perissodactyla_XP_023505182.1_zinc_finger_protein_845__Equus_caballus_                                                               1.9219278 0.6321705 0.6641341 0.7317473 0.4647724 1.9121113 0.5923046 0.4958984 0.5849302 0.7341782 0.4543824 0.7221375 0.5619086 0.5637603 0.4588241 0.8066808 0.4826879 0.5802318 0.6133376 0.5528013 0.6805743 0.5127985 1.8605282 0.4821150 0.5066855 0.5127985 0.6916709 0.0000000 0.5022658 0.6049553 0.5841207 0.5272311 0.5610050 0.7432094 0.9216189 0.5131602 0.6011714 0.5060473 0.5977487 0.5637032 0.5939965 0.5865912 0.7338114 0.5332901 0.5264402 0.6641341 0.8377329 0.5892390 0.9216189 0.5052592 0.6637871 0.5259342 0.9869442 0.4965535 0.5734538 0.6829645 0.5317273 0.4495557 0.5183721 0.4592865 0.5956998 0.6463961 2.0611783 2.0203518 1.9155057 0.4494586 0.7065450 0.4936099 0.5257871 0.7881750 0.5589805 0.5624184 0.6601149 1.9425155 0.5666082 0.5005426 0.5601565 0.9307795 1.8735866 0.5395972 0.5074979 0.5825773 0.9190211 0.5925471 0.4951881 0.8019338 0.5723604 1.8903932 0.6222445 0.4675587 0.4513090 0.3949861 0.6402813 1.9846454 0.4669161 1.9984618 0.8090950 0.4673164 
Pan_troglodytes____panina_XP_024207565.1_zinc_finger_protein_91_isoform_X3__Pan_troglodytes_                                                           2.1487206 0.8289645 0.8967418 1.0055526 0.6496548 2.1489973 0.3859419 0.0253665 0.3251349 0.6944018 0.5930479 0.9088747 0.4945740 0.3644737 0.3052302 0.8088139 0.6534979 0.4490230 0.4894713 0.7002008 0.7864179 0.0000010 2.1313888 0.6592172 0.6565998 0.0000010 0.8223477 0.5022658 0.0000000 0.7067979 0.3741036 0.6929376 0.6772224 0.9315001 0.9996201 0.3954022 0.2163118 0.7476351 0.8069601 0.6679338 0.3540170 0.3920382 0.8171359 0.3524963 0.6904120 0.8967418 0.9859765 0.3864127 0.9996201 0.0065311 0.7288942 0.5931017 1.2857321 0.6587111 0.7535785 0.7953135 0.7180439 0.5737399 0.7305990 0.5790045 0.7452078 0.8054111 2.4130046 2.3327941 2.1407169 0.5168925 0.8545674 0.0064379 0.7083104 1.0665847 0.6553277 0.6928664 0.7288448 2.2519674 0.6930299 0.3429130 0.6592300 1.0116207 2.0361969 0.6557753 0.6662650 0.7542193 0.9964354 0.7569733 0.0065823 0.8529680 0.6830954 2.1230839 0.8445959 0.5838521 0.5497529 0.5055080 0.7636768 2.1995673 0.6916156 2.2582775 1.0582397 0.5834568 
Otolemur_garnettii____lorisoidea_XP_023372667.1_zinc_finger_protein_607__Otolemur_garnettii_                                                           2.1687931 0.7675746 0.7272489 0.8667672 0.7369883 2.1839036 0.7823517 0.7055018 0.8131547 0.8858714 0.7327230 0.8425048 0.8010729 0.7081370 0.6714837 0.9546076 0.6494249 0.8514836 0.8045612 0.6284847 0.6902002 0.7186791 2.1139282 0.8154945 0.6247959 0.7186791 0.9490020 0.6049553 0.7067979 0.0000000 0.7766290 0.6728938 0.3452305 0.8425306 1.1384903 0.7337506 0.7961069 0.6610119 0.8212959 0.6917840 0.7967136 0.7409021 0.9359198 0.7357379 0.7290192 0.7272489 1.0531459 0.7328443 1.1384903 0.7170003 0.9142243 0.7364832 1.1708325 0.6922263 0.8344130 0.7890922 0.6737124 0.5553241 0.7040977 0.6107951 0.7708246 0.7785273 2.2967282 2.2891659 2.1618147 0.5418393 0.7661481 0.7043562 0.8076223 0.9015162 0.5829543 0.6968939 0.8282049 2.1607885 0.6952222 0.7231965 0.7652786 1.1537291 2.0592857 0.5985631 0.6396551 0.7946395 1.1412234 0.7398143 0.7146740 0.9713211 0.7648272 2.0991537 0.8005256 0.6168375 0.6099049 0.5238071 0.8063687 2.2263100 0.6191990 2.2240445 1.0221765 0.7275165 
Nomascus_leucogenys____hylobatidae_XP_012364874.1_PREDICTED__zinc_finger_protein_729_isoform_X3__Nomascus_leucogenys_                                  2.1607324 0.8485127 0.9327129 1.0880342 0.6731989 2.1383443 0.1041609 0.3666271 0.4537413 0.8861531 0.5635859 0.9472699 0.5556661 0.1835747 0.3786677 0.8100028 0.7342939 0.4297306 0.4448324 0.7596665 0.8071873 0.3741036 2.1636126 0.7662036 0.6568153 0.3741036 0.8752075 0.5841207 0.3741036 0.7766290 0.0000000 0.7212298 0.7699120 1.0600539 0.9922810 0.4290405 0.4742324 0.8505149 0.9085615 0.8012832 0.1263811 0.2031702 0.8534740 0.4063979 0.7187385 0.9327129 0.9703680 0.4351908 0.9922810 0.3827381 0.8039119 0.6481295 1.2338669 0.8184642 0.8385500 0.8843626 0.7860071 0.6770267 0.8545349 0.7006646 0.8030004 0.9091105 2.2639742 2.3041734 2.1527079 0.5755016 0.9994738 0.3827381 0.8339851 1.0391015 0.7781424 0.8247815 0.7760702 2.2601603 0.8249565 0.4150448 0.6999477 0.9922810 2.1657902 0.7097175 0.6951974 0.8612311 0.9890943 0.8485198 0.3746331 0.8915839 0.7674290 2.2417992 0.9230982 0.6547916 0.6617360 0.6202279 0.8548848 2.1538715 0.8360507 2.1959881 1.0711609 0.6091723 
Galeopterus_variegatus____dermoptera_XP_008592627.1_PREDICTED__zinc_finger_protein_420-like__Galeopterus_variegatus_                                   1.8455051 0.7000908 0.7193314 0.6846186 0.7184026 1.8340185 0.7776177 0.6343789 0.7233419 0.7869991 0.6227568 0.7187892 0.5852244 0.7543257 0.5940891 0.9697740 0.5409296 0.6983088 0.7257436 0.5630891 0.5916380 0.6968696 1.7748780 0.7831630 0.2899539 0.6968696 0.8176036 0.5272311 0.6929376 0.6728938 0.7212298 0.0000000 0.5755579 0.6938920 1.0384368 0.6659649 0.7858589 0.5212781 0.7356501 0.5639149 0.7746457 0.7809122 0.7792203 0.6406436 0.6171285 0.7193314 0.9333268 0.7506060 1.0384368 0.6417049 0.7848111 0.7049527 1.0392927 0.6336244 0.7471208 0.7267364 0.5582832 0.4960114 0.6368573 0.4920391 0.6595196 0.6551368 1.9649939 1.9917105 1.8389001 0.4761185 0.7390844 0.6397520 0.7323439 0.7665451 0.5460125 0.5868846 0.7149503 1.8979605 0.6419676 0.5975056 0.7241547 1.0533743 1.8044387 0.5440090 0.5200915 0.7074168 1.0384368 0.6147919 0.6432050 0.8211777 0.6302868 1.7445376 0.6722997 0.5018703 0.4736892 0.3909310 0.7059857 1.9086922 0.4807976 1.9139363 0.9467049 0.6159132 
Ursus_arctos____carnivora_XP_026338220.1_LOW_QUALITY_PROTEIN__zinc_finger_protein_573__Ursus_arctos_horribilis_                                        1.7771798 0.6862302 0.6218289 0.7119130 0.6163725 1.7882021 0.7570803 0.6479581 0.7222738 0.7673980 0.6355165 0.6934754 0.7264738 0.6840097 0.6034570 0.8766491 0.5702711 0.7926775 0.7168898 0.5599989 0.6139914 0.6882997 1.6984284 0.7178944 0.6384380 0.6882997 0.8838143 0.5610050 0.6772224 0.3452305 0.7699120 0.5755579 0.0000000 0.7397175 1.0068256 0.6441381 0.7855818 0.5121535 0.6994937 0.5402608 0.7539059 0.7126312 0.8162769 0.6866167 0.6068466 0.6218289 0.9737857 0.6984422 1.0068256 0.6583609 0.7494886 0.6588303 0.9864759 0.5713589 0.7649720 0.7240760 0.5268659 0.4639333 0.5783565 0.4935264 0.6414684 0.6534354 1.9464307 1.9377477 1.7710904 0.4320181 0.6573029 0.6477442 0.7018144 0.7801892 0.5104007 0.6161461 0.7489406 1.8244015 0.5894595 0.6572508 0.6951761 1.0190117 1.7342282 0.5247386 0.5397509 0.6581139 1.0095535 0.6124906 0.6519159 0.9174944 0.6246320 1.7543971 0.6536933 0.4969788 0.4915698 0.4293725 0.7325259 1.8182286 0.5133758 1.8408607 0.8854072 0.6383467 
Oryctolagus_cuniculus____lagomorpha_XP_008268040.2_PREDICTED__zinc_finger_protein_850_isoform_X3__Oryctolagus_cuniculus_                               2.1546368 0.8736299 0.7994393 0.7142941 0.8820504 2.1545246 1.1140348 0.9087925 0.9262557 0.9337815 0.8726512 0.9307219 0.8989580 1.0439063 0.8790691 1.0443328 0.7451394 0.9658815 0.9952673 0.7909393 0.8947244 0.9316716 2.1372204 0.9089308 0.8650824 0.9316716 0.9255566 0.7432094 0.9315001 0.8425306 1.0600539 0.6938920 0.7397175 0.0000000 1.2571517 0.9009976 0.9148613 0.6526855 0.8463253 0.8248439 1.0778907 1.0515364 0.9839130 0.9249860 0.7409956 0.7994393 1.0430384 1.0124036 1.2571517 0.9004496 0.9219109 0.8061381 1.0058640 0.7395187 1.0333640 0.9981330 0.7391547 0.8125193 0.7435829 0.7729407 0.7877641 0.8574979 2.4988025 2.2607623 2.1475038 0.7225196 0.9669778 0.9118320 1.0075692 0.8690505 0.8112049 0.7920043 0.8462811 2.2295837 0.7620453 0.8696338 0.8811472 1.2660351 2.1773360 0.7262020 0.7707533 0.7829458 1.2599576 0.7657469 0.8991118 0.9653981 0.7890163 2.1135604 0.7634321 0.8278298 0.7309158 0.6411429 0.8657154 2.1735376 0.6285766 2.2579366 1.0501010 0.8397357 
Ornithorhynchus_anatinus____monotrememata_XP_028929210.1_uncharacterized_protein_LOC100089426_isoform_X1__Ornithorhynchus_anatinus_                    2.1713684 1.0588867 1.1335381 1.3542629 0.9347077 2.1738795 1.0136380 0.9462333 1.0572503 1.1419364 0.8808826 1.1604858 0.9818427 0.9418815 0.9103833 1.3954028 0.9855958 1.0801492 0.9357005 1.1111845 1.1719159 1.0116207 1.9326147 1.0408723 1.0647011 1.0116207 1.2147363 0.9216189 0.9996201 1.1384903 0.9922810 1.0384368 1.0068256 1.2571517 0.0000000 0.9994681 1.0920375 1.0250877 1.1924806 1.0377229 0.9929503 0.9816452 0.9698723 0.9738136 1.0071604 1.1335381 1.0669904 0.9833797 0.0000010 0.9748876 0.7662183 0.8867051 1.4973970 1.0263898 1.1135111 1.2823639 1.0457566 0.9522345 1.0135243 1.0182151 1.0667252 1.0451244 2.2762524 2.2955301 2.1625579 0.9434251 1.3476295 0.9502598 1.0922027 1.2708315 1.1041683 1.0777551 1.2010354 2.1823101 0.9899478 1.0438870 0.9402384 0.0000010 2.0985338 1.0114400 1.0084577 1.0763630 0.0000010 1.1310384 0.9355263 1.0699100 1.0022013 2.0783412 1.2095092 1.0364953 1.0408884 0.8705518 1.1643590 2.2041510 1.0322273 2.2557452 1.4494632 0.9096720 
