98
Hsap_unidentified_Zinc_Protein                                                                                                                         0.0000000 2.9773509 3.2979015 3.3398216 2.9307297 0.0387870 3.1585310 2.8029905 2.9275251 2.7398288 2.7648113 2.9909509 2.9881382 3.6332754 2.8874310 3.2975699 2.7725375 3.1203001 3.3527949 3.0789866 3.3710034 3.0203929 0.2770137 3.2816708 3.0740968 3.0203929 2.4744594 3.1047607 3.0630675 3.3917051 3.1007724 2.7633670 2.9811376 3.3538198 3.0824629 3.3228527 3.2644106 2.8276044 3.1740787 3.1857512 3.0258967 3.7548480 3.0759494 2.9677337 2.5398684 3.2979015 3.3023817 3.3882948 3.0824629 2.7659043 2.7477396 2.8225621 4.3219072 3.0058335 3.4400925 2.7937753 3.0390639 2.7131588 2.4347797 2.5284330 2.8495283 2.7914770 0.2553110 0.1057725 0.0106653 2.9001866 2.5350651 2.8800726 3.0391093 2.6073149 3.0622910 3.0930666 2.9645361 0.2295486 3.0321203 2.9365965 3.4029723 3.0634141 0.1606982 2.8330206 2.8837710 2.3105295 3.0824629 2.9412197 2.6951167 3.1013449 2.6418449 0.2644014 2.8734916 2.6115924 2.5041234 2.6671369 2.8992139 0.0290248 2.3722159 0.0717486 3.9149665 3.0782487 
Loxodonta_africana____afrotheria_XP_023399395.1_zinc_finger_protein_271-like__Loxodonta_africana_                                                      2.9773509 0.0000000 1.3777704 1.4323695 1.3366379 2.9621275 1.4287108 1.2505424 1.4937648 1.6358659 1.2932023 1.3581522 1.0117844 1.4218716 1.2165219 1.6187046 1.0671589 1.2246262 1.3783698 1.1726950 1.4204954 1.2788293 2.8355578 1.2716043 1.3685313 1.2788293 1.6615423 1.0782141 1.3283873 1.3201894 1.2926137 1.4264985 1.2385733 1.5740444 1.4642795 1.2911065 1.5755920 0.9855231 1.2238716 1.3511026 1.4512056 1.4053951 1.3550223 1.2984021 1.1514755 1.3777704 1.7238667 1.3446296 1.4642795 1.2692075 1.4962463 1.3623185 1.8209415 1.0277310 1.3899976 1.2361931 1.1274688 1.2802413 1.1488561 1.1505358 1.3147961 1.1726401 2.8913408 3.1366069 2.9766033 1.2415838 1.3527889 1.3348492 1.3534518 1.4792470 1.2861150 1.2212570 1.5766399 2.9333303 1.1453021 1.2536996 1.4797587 1.3818006 2.8230018 1.0911280 1.2365443 1.3543991 1.4663484 1.2719358 1.3065411 1.4734280 1.1636772 2.8187749 1.2942532 1.1152615 1.1566566 1.0601471 1.3163253 2.9893314 0.8781724 2.9762612 1.8552968 1.0916757 
Phascolarctos_cinereus____metatheria_XP_020827825.1_zinc_finger_protein_208-like__Phascolarctos_cinereus_                                              3.2979015 1.3777704 0.0000000 1.5989278 1.3618139 3.3403628 1.6747358 1.5200519 1.6626600 1.5453017 1.4322754 1.2424845 1.2668164 1.5787839 1.4548021 1.6644472 1.1446018 1.5588044 1.5463858 1.4817268 1.4161088 1.6026139 3.0917843 1.6668591 1.5866757 1.6026139 1.7594025 1.7531959 1.5697629 1.3656061 1.6314084 1.5969003 1.2474050 1.5854624 2.2201908 1.6883552 1.7183049 1.0775174 1.3584586 1.4537448 1.6954395 1.6636761 1.5656125 1.6492621 1.4818547 0.0000010 1.9140212 1.5535429 2.2201908 1.5299526 2.2547808 1.5509486 1.6695228 1.2354809 1.6936763 1.5548740 1.4233963 1.3987505 1.0087026 1.7288831 1.5242861 1.1659061 3.5338212 3.5478461 3.3146389 1.2861945 1.4127913 1.5265709 1.6489847 1.3528974 1.3673591 1.3949596 1.6495393 3.2553787 1.5427997 1.5352940 1.6134108 2.1611075 3.1775089 1.3295534 1.4019953 1.2342845 2.2212426 1.3029804 1.5621336 1.6951057 1.4777848 3.2563130 1.4078331 1.3090811 1.2881526 1.2669244 1.4360247 3.3933100 0.8644414 3.4123268 1.9472191 1.5105944 
Cebus_capucinus____platyrrhini_XP_017369134.1_PREDICTED__zinc_finger_protein_268__Cebus_capucinus_imitator_                                            3.3398216 1.4323695 1.5989278 0.0000000 1.4709451 3.3445129 1.7415684 1.4896212 1.5164300 1.4074611 1.1679848 1.2681426 1.2806582 1.6649540 1.4313160 1.6119739 1.2526735 1.4842049 1.5603888 1.5540260 1.3829140 1.6452121 3.2445954 1.3485351 1.2630640 1.6452121 1.5384726 1.4740388 1.5806606 1.4101048 1.6022871 1.2565343 1.2885116 1.5600342 2.3275424 1.6168451 1.7232279 0.9119820 1.6878661 1.3078794 1.7224741 1.7569547 1.6119818 1.4468366 1.6244051 1.5989278 2.1867385 1.5121159 2.3275424 1.5382439 1.3971124 1.3819208 0.9998854 1.1852163 1.4190237 1.3898961 1.2027814 1.3081743 1.1932010 1.1670413 1.6055689 0.7599068 3.6130626 3.6723206 3.3409378 1.1788028 1.5334861 1.5167706 1.2879829 1.2880664 1.2664480 1.1609050 1.6793507 3.4443501 1.2643613 1.3820426 1.4823951 1.8988228 3.4662294 1.2313831 1.2406637 1.1719058 2.3357279 1.2247296 1.4696765 1.7766929 1.7148629 3.3393220 1.1103524 1.1663106 1.1382035 1.2528004 1.5316859 3.3700273 0.8187549 3.4386434 1.6427633 1.3517775 
Propithecus_coquereli____indriidae_XP_012498791.1_PREDICTED__zinc_finger_protein_208-like__Propithecus_coquereli_                                      2.9307297 1.3366379 1.3618139 1.4709451 0.0000000 2.8899393 1.1934599 1.1516582 1.3246540 1.1863212 1.0549000 1.2839068 0.9664897 1.1386940 1.0248192 1.4691169 1.0428513 1.1292012 1.1252773 1.3000156 1.3363968 1.1745481 2.8313436 1.0989450 1.4374298 1.1745481 1.3624825 0.9633721 1.1341216 1.2079371 1.2108904 1.4195820 1.1059711 1.5468353 1.5297569 1.1269386 1.3157524 0.9732091 1.2792147 1.3228421 1.1326102 1.1815907 1.4770472 1.0767452 1.1854370 1.3618139 1.6264638 1.1209263 1.5297569 1.1400484 1.4908011 1.1874018 1.7115831 0.9927679 1.0915585 1.2578615 1.1572360 1.1849311 0.9960534 1.1387151 1.4005137 1.2020416 3.0027308 3.1195122 2.9478685 1.0568649 1.2537837 1.1264305 1.0613171 1.3583847 1.2270607 1.1686626 1.3229149 3.0514563 1.3819118 1.1002661 1.0822548 1.4278976 2.9508769 1.1278554 1.2530417 1.1890120 1.5273506 1.2192094 1.1277495 1.5720913 1.1972910 3.0524237 1.3165495 1.1333171 1.0672014 1.0538531 1.2238839 2.9363090 0.8680917 2.9808070 1.6752657 0.9715269 
Nomascus_leucogenys____hylobatidae_XP_003264475.1_PREDICTED__zinc_finger_protein_648__Nomascus_leucogenys_                                             0.0387870 2.9621275 3.3403628 3.3445129 2.8899393 0.0000000 3.1660797 2.8052881 2.8912870 2.7411075 2.7997134 3.0539150 2.9924701 3.6645596 2.9037984 3.2827287 2.8037972 3.1307421 3.3327198 3.1015390 3.4294265 3.0420003 0.2876596 3.2844781 3.1518511 3.0420003 2.5078078 3.0936529 3.0845406 3.4541108 3.0743454 2.7502933 3.0412420 3.3680102 3.0832302 3.3632291 3.2874092 2.8655806 3.2176005 3.2044037 3.0246952 3.7879698 3.0734294 2.9920401 2.5657250 3.3403628 3.3524863 3.3898599 3.0832302 2.7826710 2.8203882 2.8535986 4.3183543 3.0165324 3.4741589 2.8330801 3.0557929 2.7779038 2.4920601 2.5535356 2.8489694 2.7999306 0.2655377 0.1105755 0.0309757 2.8800221 2.5345556 2.8824841 3.0791429 2.6027193 3.0854943 3.1784692 2.9985018 0.2513834 3.0091961 2.9115951 3.4407488 3.0641578 0.1748991 2.8881454 2.9786003 2.3769998 3.0832302 2.9518517 2.6891352 3.1747085 2.6773490 0.2743375 2.9178112 2.6269576 2.5355502 2.6957157 2.9694991 0.0422775 2.4075441 0.0799161 3.8786964 3.0660985 
Pongo_abelii____ponginae_XP_024093053.1_LOW_QUALITY_PROTEIN__zinc_finger_protein_729__Pongo_abelii_                                                    3.1585310 1.4287108 1.6747358 1.7415684 1.1934599 3.1660797 0.0000000 0.5186556 0.6665011 1.3091913 1.0629185 1.4363454 0.7299752 0.2269485 0.5498629 1.3131642 1.1300678 0.6129849 0.8223314 1.4534386 1.3809632 0.5111895 2.9183967 1.1773291 1.4033603 0.5111895 1.4761738 1.0356485 0.5032292 1.2601570 0.1271356 1.4598076 1.2569771 1.7306823 1.3687661 0.6851086 0.5807082 1.2325795 1.3392839 1.5029768 0.1513972 0.2589143 1.2204674 0.5804826 1.2729424 1.6747358 1.5025373 0.5815596 1.3687661 0.5297690 1.4534090 1.2994745 1.9567504 1.3074594 1.2531254 1.2517194 1.4002669 1.1671218 1.2129736 1.1896856 1.4100646 1.4414447 3.2099941 3.4223086 3.1738086 1.1799166 1.3848420 0.5038714 1.2731705 1.5232483 1.2570248 1.3889455 1.4729653 3.0433928 1.3840922 0.5785440 1.2393124 1.3232206 3.0364425 1.2070432 1.2753479 1.2691910 1.3685020 1.2069390 0.5054962 1.3110463 1.2653032 3.0884609 1.6804838 1.1773386 1.0933688 1.0364556 1.4133358 3.2580948 1.1121881 3.2548177 1.7286772 1.1074549 
Homo_sapiens____homonina_XP_016882724.1_zinc_finger_protein_91_isoform_X1__Homo_sapiens_                                                               2.8029905 1.2505424 1.5200519 1.4896212 1.1516582 2.8052881 0.5186556 0.0000000 0.4931572 1.1539492 0.9511134 1.1317516 0.6278229 0.5088480 0.4907339 1.1103065 0.9932489 0.5881097 0.8335154 1.3551672 1.1545736 0.0240961 2.7301540 1.0209923 1.1966371 0.0240961 1.3653575 0.9291401 0.0237779 1.1650890 0.5308445 1.2440069 1.0910685 1.4262348 1.3041524 0.6532107 0.1876730 1.0943534 1.1432958 1.2197414 0.5452689 0.5172523 1.1227806 0.4585215 1.0188735 1.5200519 1.3584442 0.5275255 1.3041524 0.0093605 1.4197052 1.1284860 1.6835078 1.0962893 1.2033595 1.0114452 1.3062812 1.0257755 1.0145072 1.1504507 1.2150168 1.2189756 2.9786319 3.0658225 2.8160102 1.0016821 0.9928100 0.0091227 1.1634712 1.3017655 1.0883676 1.2716561 1.2418130 2.8220070 1.2182195 0.4936410 1.1547674 1.2848292 2.6714173 1.0865212 1.1470412 1.0860584 1.3017537 1.0024778 0.0096251 1.2644053 0.9895881 2.8323469 1.3676771 1.0437601 0.8741997 0.9486391 1.1801298 2.8792555 0.9502560 2.8338065 1.7377932 0.9923588 
Cebus_capucinus____platyrrhini_XP_017380786.1_PREDICTED__LOW_QUALITY_PROTEIN__zinc_finger_protein_254-like__Cebus_capucinus_imitator_                  2.9275251 1.4937648 1.6626600 1.5164300 1.3246540 2.8912870 0.6665011 0.4931572 0.0000000 1.2469056 0.9616729 1.4837312 0.8352058 0.6303249 0.5980103 1.2919938 1.1578095 0.7067427 0.9209816 1.5405998 1.3521545 0.4607200 2.6962705 1.2848294 1.3081207 0.4607200 1.3299555 1.0302556 0.4429718 1.3455377 0.6843730 1.3355151 1.2960703 1.5761792 1.4973888 0.7754225 0.5575832 1.2855652 1.3466085 1.4341119 0.6671980 0.6571866 1.3219877 0.5661919 1.2228005 1.6626600 1.4827567 0.6219155 1.4973888 0.4724028 1.4135053 1.1867485 1.8706451 1.2564009 1.2492216 1.2347068 1.3973435 1.1883018 1.2227992 1.1806055 1.3828543 1.4387572 2.8843843 3.1024351 2.9136114 1.2171388 1.4301173 0.4539753 1.2327238 1.5012362 1.2951144 1.3910045 1.3836534 2.9667059 1.3184565 0.6095198 1.3103134 1.4897467 2.9289800 1.2224743 1.2155473 1.3791341 1.4947072 1.2471401 0.4545941 1.5340589 1.2622830 2.9505235 1.5003299 1.1710171 1.0381369 1.0374019 1.3342530 2.9435718 1.0778327 2.9214399 1.7817937 1.1367534 
Propithecus_coquereli____indriidae_XP_012498850.1_PREDICTED__zinc_finger_protein_665-like__Propithecus_coquereli_                                      2.7398288 1.6358659 1.5453017 1.4074611 1.1863212 2.7411075 1.3091913 1.1539492 1.2469056 0.0000000 0.8289102 1.3096744 1.2147389 1.3170564 1.1459579 1.5758667 1.2209183 1.3470638 1.4321205 1.5519877 1.3824230 1.1909608 2.5037517 1.0781273 1.6411021 1.1909608 1.1130065 1.1078894 1.1349380 1.4618475 1.3946256 1.5608032 1.3449990 1.5508053 1.8681823 1.2043505 1.1316292 1.1117778 1.5224770 1.3581425 1.2955729 1.3586079 1.6077931 1.1583929 1.3383005 1.5453017 1.9360769 1.2936096 1.8681823 1.1298615 1.7113717 1.0792527 1.7038890 1.2692733 1.2132196 1.4614191 1.3813711 1.2499596 1.2669187 1.2004500 1.7307624 1.4559373 2.7145516 2.8286232 2.7009416 1.1778270 1.5721667 1.0995249 1.1581649 1.3116925 1.3079044 1.3958493 1.2338097 2.7455573 1.4349000 1.1428721 1.0867370 1.6783126 2.6909441 1.3141281 1.2569535 1.4091177 1.8632446 1.4155053 1.0862826 1.7074260 1.4286203 2.6867645 1.1939954 1.2469545 1.1087458 1.2394904 1.2106839 2.7711727 0.9565685 2.7905102 2.0918898 0.9754802 
Propithecus_coquereli____indriidae_XP_012498851.1_PREDICTED__LOW_QUALITY_PROTEIN__zinc_finger_protein_845-like__Propithecus_coquereli_                 2.7648113 1.2932023 1.4322754 1.1679848 1.0549000 2.7997134 1.0629185 0.9511134 0.9616729 0.8289102 0.0000000 1.2498090 0.7798539 1.0642921 0.9659775 1.3524207 0.9861642 1.0495403 0.9701031 1.3615555 1.1878440 1.0456928 2.6661829 0.8504538 1.3988644 1.0456928 0.9645379 0.8367404 1.0069230 1.1053355 1.0967330 1.2934493 1.0309433 1.3275596 1.3233004 1.0437238 1.1016004 0.9022022 1.1639155 1.1789720 1.0572992 1.0961944 1.1259703 0.9822534 1.0346945 1.4322754 1.3826708 0.9783194 1.3233004 0.9676528 1.3487475 0.8094979 1.3793287 1.0276219 0.9115353 1.1825256 1.1765769 1.0637332 1.0611899 1.1410968 1.1628710 1.0350702 2.9454984 3.1067941 2.7676192 0.9054752 1.2412056 0.9407710 0.9487155 1.2366108 1.1289009 1.1879805 1.0607414 2.8025961 1.2511724 0.9280727 0.7691338 1.3118267 2.8301933 1.0630158 1.1244148 1.1675336 1.3207439 1.1852920 0.9491598 1.2320859 1.0918830 2.9671320 1.0980253 1.0319469 0.9461254 0.9108749 1.0045119 2.8098048 0.7471473 2.8397234 1.8454457 0.7230392 
Ursus_arctos____carnivora_XP_026344621.1_zinc_finger_protein_250_isoform_X4__Ursus_arctos_horribilis_                                                  2.9909509 1.3581522 1.2424845 1.2681426 1.2839068 3.0539150 1.4363454 1.1317516 1.4837312 1.3096744 1.2498090 0.0000000 1.2197746 1.3646116 1.2349013 1.4722201 1.1295216 1.2533815 1.4716479 1.2392530 1.3851876 1.1241544 2.8381477 1.3150710 1.2169518 1.1241544 1.4685544 1.2152759 1.1700606 1.4903526 1.1834628 1.2376444 1.2845276 1.4440561 1.5705979 1.3235705 1.2664889 1.0726340 1.2909001 1.2420940 1.3852725 1.3639901 1.4469570 1.3596090 1.1735031 1.2424845 1.9112638 1.4789087 1.5705979 1.1242372 1.4408898 1.2513161 1.6560182 1.1863301 1.3259009 1.4651458 1.1582379 1.2451304 1.2961914 1.1673163 1.1276458 1.2626689 3.0388776 3.2825756 2.9988775 1.2105816 1.6175121 1.1506303 1.3122216 1.3100598 1.2979342 1.1803115 1.3264960 2.8967735 1.1690998 1.2198846 1.3582151 1.5006336 2.8012149 1.2251372 1.2678578 1.3150525 1.5724600 1.3203137 1.1563012 1.5506900 1.1646108 2.7881201 1.1759321 1.2725534 1.1948565 1.1224293 1.3036346 3.0340794 0.9643028 3.0844770 1.8853188 1.1592352 
Otolemur_garnettii____lorisoidea_XP_023364769.1_zinc_finger_protein_91-like__partial__Otolemur_garnettii_                                              2.9881382 1.0117844 1.2668164 1.2806582 0.9664897 2.9924701 0.7299752 0.6278229 0.8352058 1.2147389 0.7798539 1.2197746 0.0000000 0.7162259 0.5996577 1.2007440 0.8298489 0.5426953 0.9086622 0.9779601 1.2625129 0.6529663 2.8646622 0.8406636 0.9122420 0.6529663 1.1199237 0.7762507 0.6529663 1.1226644 0.7485980 0.9175269 1.0614043 1.3548801 1.1030378 0.7066021 0.7092289 0.9767830 1.0016176 1.0339528 0.7377519 0.7587633 0.9925804 0.5870680 0.8545308 1.2668164 1.2227591 0.6941175 1.1030378 0.6310582 0.8609484 0.8665496 1.5508704 0.9857672 0.9196220 0.9206529 0.9435978 0.9330577 0.8934444 0.8749307 0.8990271 1.2921898 3.1189512 3.2444144 3.0051675 0.9965234 0.9242194 0.6319781 0.9507005 1.4144874 1.0392028 0.9703402 1.1522693 3.0195139 0.9615851 0.5800129 0.9804436 1.1030378 2.9337980 1.0048791 0.9426247 0.9917792 1.1006828 0.9820822 0.6226450 1.0405015 0.8768580 3.0196186 1.3535282 0.8743981 0.9111901 0.7992479 1.2055291 3.0780678 0.9394784 3.1542804 1.2421178 0.6952327 
Pongo_abelii____ponginae_XP_024093058.1_zinc_finger_protein_99__Pongo_abelii_                                                                          3.6332754 1.4218716 1.5787839 1.6649540 1.1386940 3.6645596 0.2269485 0.5088480 0.6303249 1.3170564 1.0642921 1.3646116 0.7162259 0.0000000 0.5114704 1.2950063 1.1244071 0.5926527 0.7610028 1.4474727 1.2927691 0.5156683 3.2903445 1.1279869 1.4004207 0.5156683 1.4781079 1.0558204 0.5039450 1.2208996 0.2001940 1.4834497 1.2040979 1.6636113 1.2907590 0.6827397 0.5422814 1.1678571 1.2976950 1.3893646 0.2251681 0.0739340 1.2455743 0.5464567 1.2373783 1.5787839 1.4414551 0.5448133 1.2907590 0.5113490 1.5048920 1.2857913 1.9188253 1.2410253 1.1846370 1.2882062 1.4197929 1.1980939 1.1898339 1.1296174 1.4426357 1.4078712 3.6492177 4.0249718 3.6490831 1.1741592 1.2557454 0.4999635 1.1882733 1.6557920 1.2503374 1.3452695 1.4525830 3.5219082 1.3204361 0.5252150 1.1970784 1.2747661 3.4579140 1.1854443 1.3389704 1.2560418 1.2885116 1.1927432 0.4971223 1.3288079 1.2170944 3.6414049 1.6483900 1.1627632 1.0284333 0.9814628 1.3130471 3.7389748 1.0693465 3.6224258 1.7662732 1.0339726 
Nomascus_leucogenys____hylobatidae_XP_012364870.1_PREDICTED__LOW_QUALITY_PROTEIN__zinc_finger_protein_208-like__Nomascus_leucogenys_                   2.8874310 1.2165219 1.4548021 1.4313160 1.0248192 2.9037984 0.5498629 0.4907339 0.5980103 1.1459579 0.9659775 1.2349013 0.5996577 0.5114704 0.0000000 1.1633167 0.9201433 0.5481153 0.8246104 1.2605511 1.2603679 0.5020565 2.6729796 0.9837933 1.2178928 0.5020565 1.3333002 0.8707004 0.4887102 1.1234747 0.5569171 1.2204839 1.0895016 1.4524912 1.2492582 0.6467013 0.5002077 1.0791452 1.1198287 1.3326072 0.5617560 0.5295294 1.1458119 0.5296545 1.0017671 1.4548021 1.3736381 0.5389734 1.2492582 0.4905390 1.4284561 1.0982486 1.6812739 0.9993270 1.1523061 1.1248761 1.2248575 1.0245839 1.0371325 0.9806013 1.2129681 1.2456439 3.0616251 3.1480772 2.9003141 1.0432975 1.2597071 0.4810197 1.1488608 1.4586849 1.1336874 1.2251792 1.2762408 2.8657163 1.1238637 0.5045390 1.1302104 1.2246371 2.8687732 1.1070711 1.1071468 1.1275509 1.2473395 1.0314849 0.4749790 1.2628854 1.0229590 2.9302143 1.3418981 0.9573130 0.8862776 0.8204293 1.2035496 2.9615030 0.8997808 2.9797492 1.5853501 1.0088034 
Pteropus_vampyrus____chiroptera_XP_011370296.1_zinc_finger_protein_62_homolog_isoform_X1__Pteropus_vampyrus_                                           3.2975699 1.6187046 1.6644472 1.6119739 1.4691169 3.2827287 1.3131642 1.1103065 1.2919938 1.5758667 1.3524207 1.4722201 1.2007440 1.2950063 1.1633167 0.0000000 1.2734833 1.2668201 1.4096588 1.5296832 1.6906532 1.2071346 3.1654002 1.4399004 1.6148056 1.2071346 1.5730329 1.3686901 1.2150101 1.6371659 1.1138021 1.5634948 1.5635686 1.6839510 1.8641353 1.3321341 1.1404982 1.3953875 1.5005838 1.6059906 1.2356606 1.3090496 1.6099231 1.1648960 1.4152144 1.6644472 1.9550537 1.3230846 1.8641353 1.1287347 1.5082539 1.3154976 1.9780685 1.5929673 1.4615867 1.5788953 1.3856578 1.4861238 1.3986939 1.4216454 1.4370876 1.6403583 3.2781647 3.5064977 3.3185325 1.5174796 1.6713701 1.1200366 1.4672503 1.5782229 1.6407795 1.5789560 1.4634544 3.1828724 1.4363258 1.1933048 1.4655316 1.8576586 3.2484283 1.4459191 1.5307300 1.3987673 1.8662381 1.4970502 1.1394873 1.5953457 1.3889859 3.3447763 1.5976852 1.4887199 1.4265602 1.3536958 1.4801662 3.3560812 1.2962367 3.4320920 1.8843201 1.4017564 
Erinaceus_europaeus____eulipotyphla_XP_016045502.1_PREDICTED__zinc_finger_protein_665_isoform_X1__Erinaceus_europaeus_                                 2.7725375 1.0671589 1.1446018 1.2526735 1.0428513 2.8037972 1.1300678 0.9932489 1.1578095 1.2209183 0.9861642 1.1295216 0.8298489 1.1244071 0.9201433 1.2734833 0.0000000 1.0465781 1.1304241 1.0006110 1.1891168 1.0148279 2.7241449 0.9429198 1.2093825 1.0148279 1.4006844 0.9107840 1.0318854 1.1519028 1.1249534 1.1718749 1.0427461 1.3226160 1.3409321 1.1120593 1.1011457 0.8420819 0.9719390 1.0880841 1.1252595 1.1229931 1.2667946 0.9831158 0.8362484 1.1446018 1.4795909 1.0600540 1.3409321 0.9771462 1.1852907 1.1403987 1.3959579 0.9089860 1.1874740 1.0861333 0.9096270 0.9670009 0.8863377 1.0051717 0.9516521 1.0437645 2.8817939 2.9874036 2.7867116 0.9713045 1.0863717 1.0021342 1.2092836 1.2439613 1.0577253 1.0129972 1.2688527 2.8115276 0.9692366 0.9514234 1.1354245 1.3123152 2.7356273 0.9737938 1.1214329 1.0624576 1.3425663 1.0231962 1.0258751 1.3134652 0.8345182 2.8405301 1.1233780 1.0511003 0.9211350 0.7999113 1.1304767 2.8287048 0.7583110 2.8376805 1.5814382 0.9495440 
Gorilla_gorilla____gorillini_XP_018886338.1_PREDICTED__LOW_QUALITY_PROTEIN__zinc_finger_protein_107-like__Gorilla_gorilla_gorilla_                     3.1203001 1.2246262 1.5588044 1.4842049 1.1292012 3.1307421 0.6129849 0.5881097 0.7067427 1.3470638 1.0495403 1.2533815 0.5426953 0.5926527 0.5481153 1.2668201 1.0465781 0.0000000 0.8780239 1.2236619 1.3055174 0.6124067 2.8797688 1.0870485 1.3864567 0.6124067 1.3923579 0.9175120 0.6083131 1.2546204 0.5800504 1.3527628 1.2072512 1.5420386 1.3910763 0.7120984 0.6493385 1.0913673 1.1402896 1.2903605 0.6364123 0.6285098 1.1948763 0.5086374 1.0357730 1.5588044 1.4532968 0.5432065 1.3910763 0.5995976 1.4365563 1.2469633 1.8260198 1.1740872 1.2097749 1.1060947 1.2893538 1.1378170 1.0853405 1.0684135 1.1990035 1.3515111 3.2585718 3.3312454 3.1340700 1.1407943 1.2365899 0.5886170 1.1810575 1.3907957 1.2015702 1.2861622 1.3906917 3.0568932 1.1962783 0.4992935 1.2492783 1.3804842 3.0379133 1.1985502 1.2727798 1.2702053 1.3886714 1.1270895 0.5835281 1.3149242 1.0288386 3.1621543 1.4765963 1.1032725 1.0102771 0.9259417 1.3308164 3.1337182 0.9180733 3.1838154 1.8583462 0.9906129 
Carlito_syrichta____tarsiidae_XP_021566486.1_LOW_QUALITY_PROTEIN__zinc_finger_protein_208-like__Carlito_syrichta_                                      3.3527949 1.3783698 1.5463858 1.5603888 1.1252773 3.3327198 0.8223314 0.8335154 0.9209816 1.4321205 0.9701031 1.4716479 0.9086622 0.7610028 0.8246104 1.4096588 1.1304241 0.8780239 0.0000000 1.5024622 1.3535543 0.8494077 3.0405048 1.1633205 1.1883511 0.8494077 1.3284445 1.0305498 0.8234369 1.3065074 0.7926200 1.2954964 1.2456663 1.5939650 1.4259021 0.9151007 0.8999080 1.1395839 1.3697727 1.2295342 0.8209642 0.7867021 1.3523905 0.8191913 1.2421294 1.5463858 1.5718599 0.7908424 1.4259021 0.8515351 1.3031711 1.0576726 1.7671919 1.2585892 1.2542173 1.4003818 1.3512283 1.0546881 1.3998320 1.1459917 1.4857812 1.3676882 3.3985874 3.6059030 3.3471981 1.1438397 1.3575616 0.8402164 1.2619063 1.6084306 1.1296083 1.3123516 1.3267244 3.3262458 1.4385942 0.8113526 1.0874871 1.3767158 3.2847912 1.0956453 1.2972126 1.4626091 1.4231303 1.5325153 0.8367098 1.4606155 1.2829696 3.2691557 1.4603988 1.1482254 1.1403937 0.9863994 1.3050192 3.3774633 1.1075631 3.4483426 1.7795659 1.0477003 
Erinaceus_europaeus____eulipotyphla_XP_016049861.1_PREDICTED__LOW_QUALITY_PROTEIN__uncharacterized_protein_LOC103126390__Erinaceus_europaeus_          3.0789866 1.1726950 1.4817268 1.5540260 1.3000156 3.1015390 1.4534386 1.3551672 1.5405998 1.5519877 1.3615555 1.2392530 0.9779601 1.4474727 1.2605511 1.5296832 1.0006110 1.2236619 1.5024622 0.0000000 1.2166693 1.3962056 2.9649369 1.3971736 1.3003333 1.3962056 1.7233942 1.1499562 1.4165330 1.1676200 1.2519642 1.3780017 1.1434410 1.6355093 1.6618204 1.3624570 1.6144689 0.8871438 1.2118208 1.3340893 1.4800335 1.5479313 1.6387002 1.4463960 1.1669245 1.4817268 1.8809582 1.4473717 1.6618204 1.3476887 1.7813010 1.3638535 1.9714042 0.8333709 1.4839954 1.1259319 1.2137758 1.1158178 1.1480496 1.0164924 1.4034322 1.2811702 3.0486380 3.2762585 3.0750412 1.1617249 1.2045186 1.4251620 1.4932905 1.4329975 0.4792036 1.1238744 1.5674060 3.0915498 1.2751113 1.3275673 1.4202904 1.4927139 2.9297671 1.0962303 1.1937009 1.3820201 1.6632288 1.2975446 1.3704451 1.7149081 1.1859627 2.9813060 1.1917878 1.0566222 0.9572965 0.8474396 1.3578871 3.1568352 0.7651061 3.1092096 1.6918293 1.2011055 
Equus_caballus____perissodactyla_XP_005596295.1_zinc_finger_protein_780A_isoform_X1__Equus_caballus_                                                   3.3710034 1.4204954 1.4161088 1.3829140 1.3363968 3.4294265 1.3809632 1.1545736 1.3521545 1.3824230 1.1878440 1.3851876 1.2625129 1.2927691 1.2603679 1.6906532 1.1891168 1.3055174 1.3535543 1.2166693 0.0000000 1.1094930 3.1963525 1.4780295 1.1691630 1.1094930 1.5122448 1.1246623 1.0962731 1.1660096 1.2098218 1.1729690 1.1377779 1.4532201 1.7041760 1.2067002 1.2049751 1.1724996 1.3890660 1.2351255 1.2787152 1.3950094 1.5433317 1.2959685 1.3331876 1.4161088 1.6579148 1.2933747 1.7041760 1.1123420 1.4217499 1.3852791 1.8286788 1.2204556 1.3983100 1.3989049 1.2276799 0.9786294 1.3401096 0.9290880 1.5040288 1.3351485 3.5374765 3.6304834 3.3746500 0.9551658 1.5116861 1.1604264 1.3739779 1.4285088 0.9859026 1.2278406 1.4760428 3.3029892 1.2946759 1.1776304 1.4730187 1.6440763 3.1503144 0.9875640 0.9710451 1.3619890 1.7099573 1.3285957 1.1723897 1.7242677 1.3521072 3.2831262 1.2997694 1.0162322 0.9259730 0.8943438 1.3293101 3.3889762 1.0546892 3.4438622 1.6846272 1.2758557 
Pan_troglodytes____panina_XP_024207563.1_zinc_finger_protein_91_isoform_X2__Pan_troglodytes_                                                           3.0203929 1.2788293 1.6026139 1.6452121 1.1745481 3.0420003 0.5111895 0.0240961 0.4607200 1.1909608 1.0456928 1.1241544 0.6529663 0.5156683 0.5020565 1.2071346 1.0148279 0.6124067 0.8494077 1.3962056 1.1094930 0.0000000 2.9652932 1.0691112 1.1861120 0.0000010 1.4259771 0.9329931 0.0000010 1.1885919 0.5275771 1.2779367 1.1325696 1.4634264 1.3543468 0.6768400 0.1992491 1.1306084 1.1602691 1.2575998 0.5317217 0.5148595 1.1725678 0.4644876 1.1118150 1.6026139 1.4063247 0.5339648 1.3543468 0.0134848 1.5133602 1.1814114 1.7949568 1.1412579 1.2426874 1.0524422 1.3501520 1.0941473 1.0401640 1.1717684 1.2595258 1.2896290 3.1838253 3.3401710 3.0370601 1.0628914 1.0448792 0.0134848 1.2447455 1.4727063 1.1503220 1.3008764 1.2165235 3.0036723 1.2533607 0.5143379 1.2167823 1.3337903 2.8945505 1.1339397 1.1778771 1.1493722 1.3517491 1.0162498 0.0132344 1.2946651 1.0680598 2.9554090 1.4436510 1.0790796 0.8866219 0.9502681 1.1895958 3.0981006 0.9964653 3.0392279 1.8028196 1.0204390 
Carlito_syrichta____tarsiidae_XP_008061486.1_LOW_QUALITY_PROTEIN__zinc_finger_protein_648__Carlito_syrichta_                                           0.2770137 2.8355578 3.0917843 3.2445954 2.8313436 0.2876596 2.9183967 2.7301540 2.6962705 2.5037517 2.6661829 2.8381477 2.8646622 3.2903445 2.6729796 3.1654002 2.7241449 2.8797688 3.0405048 2.9649369 3.1963525 2.9652932 0.0000000 2.8807369 3.0922270 2.9652932 2.4483150 2.9539873 3.0037939 3.1422309 3.0157894 2.6177602 2.7501151 3.2501073 2.7393566 3.0748675 3.1610669 2.6878596 3.0007688 2.9780824 2.9058161 3.3597672 2.8778249 2.7911280 2.5136211 3.0917843 3.1088760 3.2082538 2.7393566 2.7029918 2.6239682 2.6998355 4.0267522 2.7924561 3.3822029 2.6535465 2.9337306 2.6786705 2.4706112 2.4303085 2.8549183 2.7158624 0.3716915 0.3284631 0.2690325 2.5939088 2.5903028 2.7751557 2.8920804 2.4165953 2.8406358 2.9436985 2.8829885 0.3220304 2.7555204 2.7967077 3.1311194 2.7137911 0.2506836 2.7716874 2.7415763 2.3807387 2.7393566 2.7846802 2.6487455 3.0035550 2.5311319 0.3427236 2.8370220 2.4897881 2.4565143 2.5626069 2.7595792 0.2758965 2.1878230 0.3218481 3.7336066 2.8434156 
Panthera_tigris____carnivora_XP_007094057.2_PREDICTED__LOW_QUALITY_PROTEIN__zinc_finger_protein_160__Panthera_tigris_altaica_                          3.2816708 1.2716043 1.6668591 1.3485351 1.0989450 3.2844781 1.1773291 1.0209923 1.2848294 1.0781273 0.8504538 1.3150710 0.8406636 1.1279869 0.9837933 1.4399004 0.9429198 1.0870485 1.1633205 1.3971736 1.4780295 1.0691112 2.8807369 0.0000000 1.4013902 1.0691112 1.3438397 0.7437699 1.0105683 1.2648030 1.1636700 1.4414125 1.2173806 1.5659577 1.4111197 1.0889494 1.1551981 1.1293055 1.1817986 1.2848553 1.1879081 1.1808595 1.2914868 1.0545198 1.0745333 1.6668591 1.4950540 1.1152303 1.4111197 1.0249910 1.6701231 1.1045764 1.5955989 1.0881639 0.9248083 1.2533154 1.2970395 1.1916118 1.0200724 1.3932979 1.2464674 1.2387347 3.3537265 3.4831963 3.2401032 1.0476031 1.3023716 1.0146356 0.9609663 1.3663050 1.1995779 1.2861461 1.3574068 3.2699242 1.2538653 0.9915519 1.0141431 1.3999772 3.2833675 1.2156957 1.1057922 1.1791650 1.4087607 1.1651662 0.9915141 1.4610905 1.1077817 3.1699243 1.4808765 0.9918099 1.0393275 0.9605896 1.3063026 3.2887918 0.9656620 3.3398735 1.7485558 0.9988736 
Galeopterus_variegatus____dermoptera_XP_008588630.1_PREDICTED__LOW_QUALITY_PROTEIN__zinc_finger_protein_420-like__Galeopterus_variegatus_              3.0740968 1.3685313 1.5866757 1.2630640 1.4374298 3.1518511 1.4033603 1.1966371 1.3081207 1.6411021 1.3988644 1.2169518 0.9122420 1.4004207 1.2178928 1.6148056 1.2093825 1.3864567 1.1883511 1.3003333 1.1691630 1.1861120 3.0922270 1.4013902 0.0000000 1.1861120 1.6842242 1.1433341 1.1742241 1.2027354 1.2852510 0.3463695 1.2052145 1.3350114 1.7736496 1.3150922 1.3552230 0.9509478 1.2448369 1.3084141 1.3991618 1.4341166 1.5043548 1.1709040 1.2884649 1.5866757 1.7386760 1.3234664 1.7736496 1.1813631 2.1329838 1.5718775 1.6396379 1.1242299 1.3509483 1.3120925 1.2662040 1.1677509 1.1629244 1.3340979 1.5066558 1.1350466 3.1364547 3.3733312 3.1034239 1.1670965 1.4285114 1.1825244 1.4559037 1.4222371 1.2410972 1.2636012 1.5865796 2.9966276 1.3203078 1.2380453 1.4878727 1.6523280 3.0707631 1.1673312 1.1970116 1.3027091 1.7754549 1.1186762 1.1982231 1.6096589 1.2269218 3.1031524 1.3554301 1.2059589 1.0056528 1.0482495 1.2930289 3.2208172 0.8384681 3.1501129 1.9209108 1.2696062 
Pan_troglodytes____panina_XP_024207567.1_zinc_finger_protein_91_isoform_X2__Pan_troglodytes_                                                           3.0203929 1.2788293 1.6026139 1.6452121 1.1745481 3.0420003 0.5111895 0.0240961 0.4607200 1.1909608 1.0456928 1.1241544 0.6529663 0.5156683 0.5020565 1.2071346 1.0148279 0.6124067 0.8494077 1.3962056 1.1094930 0.0000010 2.9652932 1.0691112 1.1861120 0.0000000 1.4259771 0.9329931 0.0000010 1.1885919 0.5275771 1.2779367 1.1325696 1.4634264 1.3543468 0.6768400 0.1992491 1.1306084 1.1602691 1.2575998 0.5317217 0.5148595 1.1725678 0.4644876 1.1118150 1.6026139 1.4063247 0.5339648 1.3543468 0.0134848 1.5133602 1.1814114 1.7949568 1.1412579 1.2426874 1.0524422 1.3501520 1.0941473 1.0401640 1.1717684 1.2595258 1.2896290 3.1838253 3.3401710 3.0370601 1.0628914 1.0448792 0.0134848 1.2447455 1.4727063 1.1503220 1.3008764 1.2165235 3.0036723 1.2533607 0.5143379 1.2167823 1.3337903 2.8945505 1.1339397 1.1778771 1.1493722 1.3517491 1.0162498 0.0132344 1.2946651 1.0680598 2.9554090 1.4436510 1.0790796 0.8866219 0.9502681 1.1895958 3.0981006 0.9964653 3.0392279 1.8028196 1.0204390 
Mandrillus_leucophaeus____cercopithecoidea_XP_011835084.1_PREDICTED__LOW_QUALITY_PROTEIN__zinc_finger_protein_845-like__Mandrillus_leucophaeus_        2.4744594 1.6615423 1.7594025 1.5384726 1.3624825 2.5078078 1.4761738 1.3653575 1.3299555 1.1130065 0.9645379 1.4685544 1.1199237 1.4781079 1.3333002 1.5730329 1.4006844 1.3923579 1.3284445 1.7233942 1.5122448 1.4259771 2.4483150 1.3438397 1.6842242 1.4259771 0.0000000 1.2273643 1.2937951 1.6513239 1.3746083 1.4834445 1.5137898 1.5411795 1.9098844 1.3714691 1.5021797 1.2552764 1.6160976 1.5942262 1.4434101 1.5108464 1.4662067 1.3086125 1.4103501 1.7594025 1.5779612 1.4186052 1.9098844 1.3945801 1.5016332 1.2420306 1.8080489 1.3934099 1.3172893 1.5867565 1.4414217 1.5008852 1.3517081 1.3867271 1.5826456 1.4738282 2.5999511 2.5810198 2.4858454 1.2647837 1.7230491 1.2925065 1.2733633 1.4496346 1.5498928 1.5073527 1.0572491 2.5089475 1.5282111 1.2662862 1.2673149 1.8715049 2.5044476 1.5076761 1.4185869 1.2984083 1.9055825 1.5148328 1.2318368 1.6142398 1.5357583 2.5423521 1.4180060 1.4286485 1.2524027 1.2621143 1.4207117 2.5232855 1.1223948 2.5302899 2.0145300 1.1336116 
Equus_caballus____perissodactyla_XP_023505182.1_zinc_finger_protein_845__Equus_caballus_                                                               3.1047607 1.0782141 1.7531959 1.4740388 0.9633721 3.0936529 1.0356485 0.9291401 1.0302556 1.1078894 0.8367404 1.2152759 0.7762507 1.0558204 0.8707004 1.3686901 0.9107840 0.9175120 1.0305498 1.1499562 1.1246623 0.9329931 2.9539873 0.7437699 1.1433341 0.9329931 1.2273643 0.0000000 0.9000973 1.0592518 0.9895397 1.1641284 1.0368321 1.4489962 1.4448689 0.9592113 1.0617835 0.9789774 1.0209745 1.2219242 1.0472532 2.3744679 1.1598955 0.9402641 1.0842354 1.7531959 1.5425793 0.9844073 1.4448689 0.9132995 1.7778618 1.0414719 1.7359951 0.9536485 0.9418954 1.0721420 1.2326576 0.9511132 0.8657344 1.1362191 1.1375306 1.1664448 3.2062943 3.3079171 3.1012247 0.9229464 1.0862883 0.9113736 0.9257386 1.3237143 1.0585192 1.1595741 1.2377412 3.0758101 1.1561462 0.8811675 1.1038935 1.3726733 3.0474627 1.0218743 0.9600887 1.0987413 1.4427466 1.0598632 0.9070324 1.3150488 1.1165497 3.0924452 1.2694336 0.8728412 0.8127340 0.8687341 1.2007865 3.1905119 0.7821368 3.1762073 1.5408495 0.9874868 
Pan_troglodytes____panina_XP_024207565.1_zinc_finger_protein_91_isoform_X3__Pan_troglodytes_                                                           3.0630675 1.3283873 1.5697629 1.5806606 1.1341216 3.0845406 0.5032292 0.0237779 0.4429718 1.1349380 1.0069230 1.1700606 0.6529663 0.5039450 0.4887102 1.2150101 1.0318854 0.6083131 0.8234369 1.4165330 1.0962731 0.0000010 3.0037939 1.0105683 1.1742241 0.0000010 1.2937951 0.9000973 0.0000000 1.1618160 0.5275771 1.2553365 1.0923806 1.4403363 1.3216060 0.6572432 0.1981581 1.1306084 1.1679544 1.2326283 0.5214946 0.5069556 1.1344641 0.4681285 1.1458645 1.5697629 1.3958003 0.5256454 1.3216060 0.0128776 1.4480168 1.1722602 1.7203275 1.1413226 1.2061483 1.1156739 1.2914625 1.0749310 1.0418150 1.1301707 1.2488212 1.2451371 3.2660115 3.3615812 3.0796423 1.0188807 1.0594732 0.0124762 1.2012623 1.4776516 1.1542954 1.2528196 1.1850216 3.0384819 1.2284499 0.5002270 1.1890733 1.3337903 2.9402364 1.0893044 1.1199863 1.1447390 1.3191243 1.0175879 0.0128108 1.2289230 1.1126673 2.9808442 1.4459971 1.0455192 0.8577257 0.9331326 1.1618638 3.1400458 0.9941863 3.0819738 1.7518019 1.0000732 
Otolemur_garnettii____lorisoidea_XP_023372667.1_zinc_finger_protein_607__Otolemur_garnettii_                                                           3.3917051 1.3201894 1.3656061 1.4101048 1.2079371 3.4541108 1.2601570 1.1650890 1.3455377 1.4618475 1.1053355 1.4903526 1.1226644 1.2208996 1.1234747 1.6371659 1.1519028 1.2546204 1.3065074 1.1676200 1.1660096 1.1885919 3.1422309 1.2648030 1.2027354 1.1885919 1.6513239 1.0592518 1.1618160 0.0000000 1.2334541 1.2570362 0.4256568 1.5336824 1.6464685 1.1526015 1.2081510 1.1062556 1.2660923 1.2572514 1.2840429 1.2480747 1.4234416 1.1314413 1.2969622 1.3656061 1.6861535 1.1555748 1.6464685 1.1644595 1.5735423 1.2752195 1.8296223 1.1682958 1.3562962 1.3111992 1.2853215 1.0633601 1.1420715 1.0150055 1.4072430 1.3333487 3.5003569 3.5359195 3.4146538 0.9828152 1.2439548 1.1622090 1.3789915 1.4988145 0.9817900 1.1901732 1.4665360 3.4131559 1.2194484 1.1535668 1.2672886 1.6320884 3.2490413 0.9610406 1.1201400 1.2939449 1.6479902 1.2013517 1.1655632 1.4900788 1.3327510 3.3905864 1.4822055 1.0632570 1.0884012 0.9005623 1.3824035 3.5053892 0.9935989 3.4763675 1.5896769 1.2122438 
Nomascus_leucogenys____hylobatidae_XP_012364874.1_PREDICTED__zinc_finger_protein_729_isoform_X3__Nomascus_leucogenys_                                  3.1007724 1.2926137 1.6314084 1.6022871 1.2108904 3.0743454 0.1271356 0.5308445 0.6843730 1.3946256 1.0967330 1.1834628 0.7485980 0.2001940 0.5569171 1.1138021 1.1249534 0.5800504 0.7926200 1.2519642 1.2098218 0.5275771 3.0157894 1.1636700 1.2852510 0.5275771 1.3746083 0.9895397 0.5275771 1.2334541 0.0000000 1.3746614 1.2587556 1.5316120 1.3147936 0.6710448 0.6159003 1.2465250 1.2562120 1.4787439 0.1345255 0.2100330 1.1797794 0.5714763 1.1731137 1.6314084 1.3915141 0.6121402 1.3147936 0.5424423 1.5393621 1.3034271 1.9369057 1.2640623 1.3123474 1.1828297 1.3936121 1.1857267 1.2350659 1.1696600 1.2971657 1.3770520 3.1014252 3.3237326 3.1041856 1.1395521 1.3503195 0.5402142 1.3553460 1.4470788 1.2702762 1.4017896 1.2428472 3.0718672 1.3127407 0.5638404 1.2781308 1.3284718 3.1036516 1.1692491 1.2397977 1.3098275 1.3077219 1.1567511 0.5356425 1.1864264 1.1636204 3.1439629 1.5395336 1.2006168 0.9835206 0.9422429 1.2339530 3.1210088 1.1160188 3.1571454 1.8422156 1.0828709 
Galeopterus_variegatus____dermoptera_XP_008592627.1_PREDICTED__zinc_finger_protein_420-like__Galeopterus_variegatus_                                   2.7633670 1.4264985 1.5969003 1.2565343 1.4195820 2.7502933 1.4598076 1.2440069 1.3355151 1.5608032 1.2934493 1.2376444 0.9175269 1.4834497 1.2204839 1.5634948 1.1718749 1.3527628 1.2954964 1.3780017 1.1729690 1.2779367 2.6177602 1.4414125 0.3463695 1.2779367 1.4834445 1.1641284 1.2553365 1.2570362 1.3746614 0.0000000 1.1755898 1.1612724 1.8068013 1.3705538 1.4438445 0.9217653 1.3550349 1.2784064 1.4957376 1.5886680 1.4249784 1.2267137 1.3135061 1.5969003 1.6507442 1.4222736 1.8068013 1.2345211 1.7480301 1.5125780 1.6755028 1.1492549 1.4197698 1.2889356 1.2637067 1.1977303 1.2620772 1.2358825 1.5278231 1.1583991 2.8769135 3.0814242 2.7547851 1.0960706 1.3025050 1.2568179 1.4454008 1.2940559 1.1897686 1.1546596 1.4612807 2.8296658 1.3534439 1.2147473 1.5021336 1.6709930 2.7100240 1.1959411 1.1733503 1.3598537 1.8068013 1.1417673 1.2573551 1.5403246 1.3276913 2.7076684 1.1926289 1.1051812 0.9874534 0.9737014 1.2375967 2.8212410 0.7880846 2.7865164 1.8373278 1.2884946 
Ursus_arctos____carnivora_XP_026338220.1_LOW_QUALITY_PROTEIN__zinc_finger_protein_573__Ursus_arctos_horribilis_                                        2.9811376 1.2385733 1.2474050 1.2885116 1.1059711 3.0412420 1.2569771 1.0910685 1.2960703 1.3449990 1.0309433 1.2845276 1.0614043 1.2040979 1.0895016 1.5635686 1.0427461 1.2072512 1.2456663 1.1434410 1.1377779 1.1325696 2.7501151 1.2173806 1.2052145 1.1325696 1.5137898 1.0368321 1.0923806 0.4256568 1.2587556 1.1755898 0.0000000 1.4669083 1.5931896 1.1408689 1.1972266 0.9238109 1.1654305 1.1635416 1.2460610 1.2942898 1.2434775 1.1383596 1.2038145 1.2474050 1.5953784 1.1619682 1.5931896 1.0900099 1.3848689 1.1448629 1.6747836 1.0397620 1.2392190 1.2569660 1.1699912 0.9805454 1.0291536 0.8562701 1.2858815 1.1933415 3.1257770 3.2182306 3.0166345 0.9019653 1.2062829 1.1117203 1.2131333 1.4093461 0.9330835 1.1057643 1.4363708 2.9826829 1.1309117 1.1453726 1.2749947 1.5135809 2.9005977 0.9278650 0.9708337 1.1899472 1.5946070 1.0693877 1.0911863 1.3969365 1.2194766 2.9681279 1.2640138 0.8901316 0.8774478 0.7602546 1.3047424 3.0849330 0.8751239 3.0729108 1.4774838 1.1507004 
Oryctolagus_cuniculus____lagomorpha_XP_008268040.2_PREDICTED__zinc_finger_protein_850_isoform_X3__Oryctolagus_cuniculus_                               3.3538198 1.5740444 1.5854624 1.5600342 1.5468353 3.3680102 1.7306823 1.4262348 1.5761792 1.5508053 1.3275596 1.4440561 1.3548801 1.6636113 1.4524912 1.6839510 1.3226160 1.5420386 1.5939650 1.6355093 1.4532201 1.4634264 3.2501073 1.5659577 1.3350114 1.4634264 1.5411795 1.4489962 1.4403363 1.5336824 1.5316120 1.1612724 1.4669083 0.0000000 2.3020046 1.5536757 1.4813206 1.0659503 1.7133065 1.3782480 1.6882548 1.7298487 1.6567686 1.5061190 1.5294115 1.5854624 2.2507998 1.6155896 2.3020046 1.4107549 1.5818077 1.4851128 1.6134891 1.2928076 1.6199218 1.5790254 1.3120831 1.4571884 1.4655899 1.3470424 1.6062011 1.4057238 3.6845547 3.5997088 3.3627362 1.3000980 1.6279557 1.4283198 1.6057197 1.3723729 1.3602246 1.2484302 1.5859850 3.3547782 1.4248617 1.4001235 1.6106619 1.8878181 3.4078766 1.2680503 1.3129306 1.4298585 2.3036299 1.3489587 1.4043338 1.7502866 1.6398239 3.3824052 1.2407888 1.3801337 1.2993962 1.2717372 1.5316966 3.4068102 0.9833917 3.4606884 1.8172547 1.4036639 
Ornithorhynchus_anatinus____monotrememata_XP_028929210.1_uncharacterized_protein_LOC100089426_isoform_X1__Ornithorhynchus_anatinus_                    3.0824629 1.4642795 2.2201908 2.3275424 1.5297569 3.0832302 1.3687661 1.3041524 1.4973888 1.8681823 1.3233004 1.5705979 1.1030378 1.2907590 1.2492582 1.8641353 1.3409321 1.3910763 1.4259021 1.6618204 1.7041760 1.3543468 2.7393566 1.4111197 1.7736496 1.3543468 1.9098844 1.4448689 1.3216060 1.6464685 1.3147936 1.8068013 1.5931896 2.3020046 0.0000000 1.5459164 1.4802256 1.2658014 1.9555904 1.7040782 1.4112129 1.3688144 1.5238968 1.4187256 1.7584205 2.2201908 2.2736250 1.3897678 0.0000010 1.3110077 1.6829746 1.5911180 2.2715574 1.4099936 1.6298584 1.6505407 1.6552775 1.4611646 1.4421836 1.4895817 1.9015335 1.7220619 3.2473322 3.3163948 3.0891118 1.4872356 1.6615029 1.3400438 1.6394884 1.7164877 1.6125994 1.5268078 1.9883663 3.0255876 1.5868076 1.3575004 1.7155070 0.0000010 3.0605036 1.5463826 1.5419885 1.5192190 0.0000010 1.5388656 1.3134195 1.7800435 1.7279836 3.0842373 1.7827450 1.4563073 1.4295486 1.4681928 1.8109311 3.1276394 1.2716121 3.1190005 2.2893099 1.5098843 
