97
Hsap_unidentified_Zinc_Protein                                                                                                                         0.0000000 0.0106909 0.0290083 0.0387056 0.0710550 0.1045495 0.1576164 0.2179729 0.2563756 0.2509806 0.2609193 1.1617171 4.1717792 2.7734346 9.0000000 7.4639601 8.9999983 4.8331645 2.9894996 9.0000000 4.5591921 1.6264936 2.0676458 1.9187253 6.6049571 8.9999983 6.1431365 1.9428626 1.6726548 2.0204773 1.7856265 1.7710770 4.7979569 8.0929267 4.5724943 6.0296214 8.9999981 5.5730061 5.1752105 6.8567791 6.8567791 8.9999985 4.2931144 5.6583127 2.8509903 5.2710469 5.3565132 5.4761494 4.3682579 4.6852284 9.0000000 7.4590909 2.6080267 5.2830140 8.9999985 8.9999989 1.8177677 1.3294804 1.5181572 1.5977794 1.9471995 3.1440052 1.5193254 1.4818581 1.6172986 1.9164830 1.8340825 1.6478393 2.2440170 2.1982144 2.1531741 1.7357088 1.7048498 1.7048498 1.7273948 1.7357088 1.8087419 1.7683381 3.3693957 2.1083416 1.5811124 1.5341825 1.5479198 2.6016503 3.4398138 2.8403989 1.0990125 1.8198061 2.1550040 2.1550040 2.1550040 3.1681987 3.4448462 2.5467532 3.2054606 2.3078060 2.1745943 
Gorilla_gorilla____gorillini_XP_004028057.2_PREDICTED__zinc_finger_protein_648__Gorilla_gorilla_gorilla_                                               0.0106909 0.0000000 0.0250954 0.0309642 0.0649061 0.1001726 0.1586006 0.2165791 0.2465740 0.2393565 0.2537917 1.1617171 4.0214366 2.7734346 9.0000000 7.4639601 8.9999983 4.8331645 2.9894996 9.0000000 4.6833304 1.6158304 2.0676458 1.9076715 6.6834959 8.9999990 5.7867927 1.9426362 1.6629358 2.0092962 1.7856265 1.7710770 4.5851191 8.0929267 4.5724943 5.9947240 8.9999988 5.5440147 5.1479402 6.6251345 6.6251345 8.9999985 4.1600317 5.3520634 2.7328098 5.0176502 4.9000449 5.1836177 4.1625656 4.4641491 9.0000000 7.4590909 2.6080267 5.2830140 8.9999985 8.9999986 1.8177677 1.3294804 1.5181572 1.5977794 1.9471995 3.1842998 1.5193254 1.4900287 1.6256533 1.9231273 1.8232082 1.6478393 2.2256387 2.1812582 2.1368283 1.7246016 1.6939430 1.6939430 1.7273948 1.7246016 1.7979222 1.7683381 3.3273052 2.0939862 1.5719910 1.5341825 1.5378808 2.5439256 3.3537257 2.8397016 1.0990125 1.8116328 2.1762945 2.1762945 2.1762945 3.1502730 3.4243954 2.5378933 3.1700406 2.2666567 2.1568978 
Pongo_abelii____ponginae_XP_002809764.2_zinc_finger_protein_648__Pongo_abelii_                                                                         0.0290083 0.0250954 0.0000000 0.0422060 0.0744417 0.1130635 0.1743579 0.2342254 0.2708027 0.2616655 0.2607181 1.5313728 4.1717792 9.0000000 9.0000000 7.4639601 8.9999983 6.2590392 3.3552767 9.0000000 5.0138916 1.6836641 2.1459524 1.9715811 6.6819695 8.9999983 6.0563929 2.0043277 1.7188651 2.0078659 1.8196732 1.7729942 5.2910371 8.9999989 4.5724943 6.8915989 8.9999981 6.2918585 5.8641857 7.6223514 7.6223514 8.9999984 4.2931144 5.6583127 2.8509903 5.2710469 5.3565132 5.4761494 4.3682579 4.6852284 9.0000000 7.4590909 2.6080267 6.5472517 8.9999984 8.9999981 1.8692032 1.3598088 1.5853444 1.6500487 1.8923702 3.4603735 1.5694955 1.5270312 1.6697468 1.9713530 1.9115806 1.7034545 2.3080320 2.2877992 2.2393146 1.7611292 1.7298179 1.7298179 1.7298406 1.7611292 1.8334809 1.7707956 3.6113132 2.1434171 1.6612589 1.5732012 1.6018239 2.7295042 3.6389768 2.9814018 1.1150960 1.8678526 2.2085070 2.2085070 2.2085070 3.2593683 3.5419422 2.6271246 3.1727729 2.3309210 2.1585146 
Nomascus_leucogenys____hylobatidae_XP_003264475.1_PREDICTED__zinc_finger_protein_648__Nomascus_leucogenys_                                             0.0387056 0.0309642 0.0422060 0.0000000 0.0791422 0.1092218 0.1713679 0.2388472 0.2659431 0.2609261 0.2713160 1.1617171 5.1339498 9.0000000 9.0000000 8.9999988 5.0723980 3.5355895 2.1902749 5.6411564 5.5043732 1.6426236 2.1186850 1.9705159 8.9999984 8.9999985 7.7824610 2.0258819 1.6859970 2.0553342 1.7774168 1.8213096 5.8167157 8.8255672 4.6673564 6.3015133 8.9999986 5.5176862 5.1932510 7.3427144 7.3427144 8.9999990 5.3129426 7.3320309 3.4428932 5.3757331 8.0920936 7.1089315 4.9170126 5.8812830 9.0000000 7.4590909 2.6080267 5.3503143 8.9999985 9.0000000 1.8707193 1.3655230 1.5529525 1.6408323 1.9918700 3.6694836 1.5666382 1.5098572 1.6503390 1.9552573 1.9036449 1.6886036 2.3671527 2.3114023 2.2621535 1.7612389 1.7298877 1.7298877 1.7305561 1.7612389 1.8371373 1.7714331 3.4875758 2.1128348 1.6390526 1.5325255 1.6118445 3.0172478 4.0825177 3.1123237 1.0990125 1.8460486 2.1545336 2.1545336 2.1545336 3.2736770 3.5969883 2.5852787 3.1684547 2.3085810 2.1853326 
Mandrillus_leucophaeus____cercopithecoidea_XP_011858019.1_PREDICTED__zinc_finger_protein_648__Mandrillus_leucophaeus_                                  0.0710550 0.0649061 0.0744417 0.0791422 0.0000000 0.1408570 0.2115719 0.2616046 0.2764475 0.2805755 0.3019132 1.2423237 4.5250144 9.0000000 9.0000000 8.9999983 8.9999988 4.2455411 4.1986707 7.9079308 5.3218134 1.6284220 2.0877532 1.9904166 7.4025527 8.9999986 6.5339091 1.9603055 1.6694038 2.0592627 1.9047250 1.8065303 5.1326149 6.9918489 4.6479416 6.5142619 8.9999987 5.4910014 5.2410914 7.4630174 7.4630174 8.9999986 4.2058359 6.0801567 3.0467409 5.5898608 5.9507477 5.8868137 4.6739992 5.0070274 9.0000000 5.3861064 2.8274000 5.3256838 8.9999988 8.9999984 1.7811040 1.3959000 1.5633449 1.6235797 1.9800938 3.2736235 1.5681180 1.5155308 1.6879159 1.9768165 1.8964567 1.6756966 2.3141703 2.2558094 2.2087109 1.7551098 1.7659982 1.7659982 1.7557964 1.7551098 1.8289990 1.7552207 3.5130267 2.1270552 1.6348090 1.5544805 1.6015393 2.8297089 3.7809732 2.9736989 1.0990125 1.8560860 2.1749090 2.1749090 2.1749090 3.1052270 3.4383740 2.6389125 3.3451154 2.2764831 2.2486004 
Cebus_capucinus____platyrrhini_XP_017379964.1_PREDICTED__LOW_QUALITY_PROTEIN__zinc_finger_protein_648__Cebus_capucinus_imitator_                       0.1045495 0.1001726 0.1130635 0.1092218 0.1408570 0.0000000 0.2028433 0.2653024 0.2977118 0.2977439 0.3089705 1.1617171 4.5014916 9.0000000 9.0000000 8.9999982 4.9007541 3.5346466 2.3353970 4.4587736 4.8290829 1.6384564 2.0171809 1.9319220 6.8547746 8.9999988 6.4670684 1.9981567 1.6736649 2.0356312 1.7471932 1.7772338 5.2692163 8.9999985 6.3083000 5.6162087 8.6417907 5.3875100 5.2863922 6.2405124 6.2405124 6.1692977 4.0884472 5.8580678 2.7425392 5.2783236 4.9047012 5.5098430 4.3021961 4.7018669 9.0000000 7.2970908 2.6080267 6.0604014 8.9999986 8.9999981 1.7398491 1.3271056 1.5286785 1.5893475 1.9149769 3.3998214 1.5400110 1.4686998 1.6656429 1.9163953 1.8493057 1.5985507 2.2871252 2.1949317 2.1498927 1.7225686 1.6920207 1.6920207 1.6924786 1.7225686 1.8104312 1.7323619 3.4975712 2.1088152 1.5884526 1.5282865 1.5628850 2.7108171 3.6027286 2.8191618 1.0999944 1.8408821 2.2285847 2.2285847 2.2285847 2.9694236 3.4354718 2.5421539 3.1172586 2.3519768 2.1157911 
Propithecus_coquereli____indriidae_XP_012495439.1_PREDICTED__zinc_finger_protein_648__Propithecus_coquereli_                                           0.1576164 0.1586006 0.1743579 0.1713679 0.2115719 0.2028433 0.0000000 0.1938776 0.1919645 0.2572318 0.2365539 1.5255276 4.2413524 9.0000000 9.0000000 4.5038753 2.5250697 2.9250585 1.4887850 4.3232980 4.0825800 1.4775850 1.9925165 1.8255933 4.8287709 6.2185512 5.2850379 1.8109658 1.5616036 2.0104514 1.7656501 1.8231099 5.1965641 8.9999986 4.8105398 4.6623246 6.4041432 4.2863418 3.6507159 5.5180753 5.5180753 5.4365081 4.4362483 6.7860479 2.9836433 3.4862614 4.1991803 4.9112186 4.0147802 4.0699022 9.0000000 7.2736874 2.6080267 5.0727000 8.0601413 7.4809710 1.8422561 1.3387568 1.5317516 1.6198218 1.9160922 2.8903145 1.5603634 1.4694678 1.5783335 1.8692752 1.8574234 1.6195038 2.3114796 2.2373184 2.1902900 1.7002056 1.6748631 1.6748631 1.6762695 1.7002056 1.7712665 1.7152533 3.4168720 2.0596325 1.5675884 1.5332631 1.5487442 2.6296093 3.3570005 2.9642225 1.1118505 1.7822309 2.2067616 2.2067616 2.2067616 2.8452654 3.1856775 2.3915805 2.8746961 2.2391494 2.0871258 
Galeopterus_variegatus____dermoptera_XP_008565597.1_PREDICTED__zinc_finger_protein_648__Galeopterus_variegatus_                                        0.2179729 0.2165791 0.2342254 0.2388472 0.2616046 0.2653024 0.1938776 0.0000000 0.2736036 0.2855304 0.2988522 0.9392106 3.8209024 2.8793642 9.0000000 4.5038753 2.5250697 2.4304683 1.2775053 4.3232980 3.6867368 1.5249754 2.0344845 1.8891953 4.9221001 6.3438193 5.9733074 1.8566698 1.5363432 1.9644655 1.7551420 1.8090657 6.0565020 8.4921442 4.6092313 5.0933373 6.6332929 5.6592684 4.2946509 4.6581978 4.6581978 5.7401364 3.3805846 4.1526752 2.1922788 4.2343294 3.8428396 4.2294198 3.4096576 4.2145251 9.0000000 2.1167192 2.6080267 4.1620725 8.2581705 7.0405853 1.8106715 1.3384889 1.5423415 1.5933090 1.9151543 2.7191982 1.5521963 1.4737395 1.6582502 1.9142661 1.7403462 1.6160131 2.1681766 2.0848314 2.0435170 1.6615864 1.6408444 1.6408444 1.6726107 1.6615864 1.7186127 1.7120685 3.1036865 2.0294323 1.4823525 1.5041497 1.4519108 2.3147293 2.9970072 2.6431369 1.0990125 1.7227776 2.0726874 2.0726874 2.0726874 2.7576176 3.1675102 2.3713248 3.0822112 2.3478377 2.2089923 
Otolemur_garnettii____lorisoidea_XP_003785695.1_zinc_finger_protein_648__Otolemur_garnettii_                                                           0.2563756 0.2465740 0.2708027 0.2659431 0.2764475 0.2977118 0.1919645 0.2736036 0.0000000 0.3466908 0.3216319 2.2556909 6.3662938 4.6901564 9.0000000 4.5213325 3.3090142 3.0002014 1.7674711 7.5423167 4.6755273 1.6132122 2.0743165 1.8718101 6.1787213 7.4669775 7.7530898 1.8780664 1.5594523 2.0717335 1.8231080 1.8241540 8.2041327 6.2260275 4.0826984 5.1429077 6.4334656 5.5746562 5.4741244 6.3385300 6.3385300 4.3233957 4.9695163 6.3973882 3.2171319 3.5364228 7.2094243 7.0002729 4.1020635 7.6886346 9.0000000 7.4590909 2.6080267 5.0640612 8.9999987 9.0000000 1.8920456 1.3454924 1.5853136 1.6614267 1.9684971 2.9313969 1.5612431 1.5102913 1.6839759 1.9517906 1.8106367 1.6804139 2.2225538 2.2781333 2.2193188 1.7170708 1.7369875 1.7369875 1.6986517 1.7170708 1.7528827 1.6978571 3.4470261 2.0648010 1.6194503 1.5505011 1.6058030 2.6758467 3.5628511 3.0676498 1.1243434 1.8367257 2.1700034 2.1700034 2.1700034 3.1020241 3.5067789 2.5159915 3.2257461 2.3308071 2.0968884 
Ursus_arctos____carnivora_XP_026364815.1_zinc_finger_protein_648__Ursus_arctos_horribilis_                                                             0.2509806 0.2393565 0.2616655 0.2609261 0.2805755 0.2977439 0.2572318 0.2855304 0.3466908 0.0000000 0.3518577 0.9847196 5.1658219 2.1162142 9.0000000 3.2360651 3.8761531 3.6070947 1.5902007 9.0000000 6.7860696 1.6588412 2.1858030 1.9242352 6.1383894 8.9999989 8.9999982 1.9421101 1.6577608 2.0428137 1.8131070 1.8181253 6.5337090 8.3139100 4.1838584 6.3870251 8.9999987 5.4863373 4.9488558 6.4064947 6.4064947 8.9999983 4.2895871 7.5774296 3.7000125 5.1543505 8.1596374 6.4545264 4.4306331 5.9907230 9.0000000 6.3543562 1.8588432 4.8381751 6.5737916 8.9999982 1.9343623 1.3500724 1.5508895 1.6405243 1.9829282 3.8768607 1.5824246 1.5022840 1.6106674 1.9270686 1.9134600 1.6824678 2.4517692 2.3310097 2.2811847 1.7471234 1.7250812 1.7250812 1.8035412 1.7471234 1.8654354 1.8265113 3.5764392 2.1783001 1.6374064 1.5156861 1.6090001 3.1981951 4.3639958 3.0831654 1.1067605 1.8112612 2.1988794 2.1988794 2.1988794 3.2142942 3.4655956 2.5728956 3.1225338 2.4443603 2.2293244 
Carlito_syrichta____tarsiidae_XP_008061486.1_LOW_QUALITY_PROTEIN__zinc_finger_protein_648__Carlito_syrichta_                                           0.2609193 0.2537917 0.2607181 0.2713160 0.3019132 0.3089705 0.2365539 0.2988522 0.3216319 0.3518577 0.0000000 1.5382267 4.0629328 9.0000000 9.0000000 6.8088951 4.8762444 4.0944660 2.1844711 6.6604397 5.9163164 1.6057351 2.0069861 1.8948312 6.1129987 8.9999987 5.7705524 1.9345806 1.6032236 2.0817033 1.7660515 1.7907136 5.7631973 8.9999987 8.9999982 5.9982614 8.4386802 5.4517589 5.1140906 5.6503896 5.6503896 8.8530011 5.2259714 6.0904966 3.0901015 4.9428688 4.0560548 5.7662513 4.7633740 4.2613357 9.0000000 4.7731799 3.2304190 8.5345271 8.9999989 8.9999984 1.8491548 1.3101190 1.5007797 1.6882658 1.9579938 3.3911338 1.5308111 1.4313468 1.5888755 1.8862520 1.8422723 1.5888709 2.3095964 2.2532859 2.2091102 1.6678579 1.6383809 1.6383809 1.7282814 1.6678579 1.8087899 1.7687638 3.5040495 2.1345134 1.6052169 1.5258569 1.5864600 2.7830371 3.6977498 2.9275261 1.0726924 1.7703052 2.2503782 2.2503782 2.2503782 2.9807384 3.5938699 2.5629192 3.2752560 2.3905553 2.2313766 
Loxodonta_africana____afrotheria_XP_023399395.1_zinc_finger_protein_271-like__Loxodonta_africana_                                                      1.1617171 1.1617171 1.5313728 1.1617171 1.2423237 1.1617171 1.5255276 0.9392106 2.2556909 0.9847196 1.5382267 0.0000000 0.8808549 1.0030288 0.9176892 0.9197505 0.8854573 0.9348186 0.8837675 0.9792465 0.8993584 1.1404680 0.8897244 1.1031948 0.9375264 1.0085340 1.0169343 0.9610805 0.9032835 0.9569944 1.2921257 0.9903513 0.9274444 1.0276771 1.0220277 0.9422841 1.0812439 1.0547050 1.3559542 1.4157186 1.4157186 0.9153056 1.0059668 0.9569542 0.9148369 0.9441538 0.9588142 0.8830649 1.0202736 0.8473804 0.8608984 1.0648933 0.8431135 0.8959402 1.4119504 0.8852358 1.1503600 2.9945554 0.9263473 1.0320505 1.0731573 0.8903714 1.1129754 1.1402953 0.8469968 1.2001576 1.4737045 0.6919331 1.6691300 1.1342343 1.1291365 0.8944596 0.8944596 0.8944596 1.3653655 0.8944596 1.3653655 1.3653655 1.1700538 0.9181716 1.2164077 1.2529311 0.9465562 1.3028618 1.0161622 1.1645131 1.1009326 1.2958106 1.4097727 1.4097727 1.4097727 1.2401213 2.0381635 1.0155811 1.2827216 0.9431576 0.9989708 
Balaenoptera_acutorostrata____cetartiodactyla_XP_007175460.2_LOW_QUALITY_PROTEIN__zinc_finger_protein_208__Balaenoptera_acutorostrata_scammoni_        4.1717792 4.0214366 4.1717792 5.1339498 4.5250144 4.5014916 4.2413524 3.8209024 6.3662938 5.1658219 4.0629328 0.8808549 0.0000000 1.0144886 0.9644004 1.1143920 1.0815947 1.0853709 1.0569077 1.0403130 1.0823209 1.1911885 0.9140666 1.0603132 0.9709270 1.0315506 1.0414219 1.0486189 1.0077153 1.0684643 1.2831567 1.0246042 0.8952728 1.0353576 1.0270022 0.9150918 0.9838907 0.9805371 1.3350724 1.4158335 1.4158335 0.9518043 0.9409451 0.9752335 0.9079757 0.8997979 0.9411499 0.9941337 1.0002470 0.9564349 0.8276203 1.3208146 0.9162023 1.0503564 4.5545290 1.2066106 1.1293888 1.8937747 1.2638402 0.9934834 1.0054355 1.0324816 0.9171098 1.1455701 1.1446172 1.4738771 1.3946024 1.6121412 1.4123198 1.1126920 1.2639051 1.3363314 1.3452178 1.3452178 1.3442780 1.3363314 1.3005081 1.3068260 1.1361048 1.6583070 1.3566299 1.5017730 1.0977920 1.3662971 1.0774869 1.0919388 0.9817954 1.6742754 1.6283136 1.6283136 1.6283136 1.3728039 2.0427688 1.0275815 1.4059230 1.2278839 0.9065932 
Balaenoptera_acutorostrata____cetartiodactyla_XP_028021489.1_LOW_QUALITY_PROTEIN__zinc_finger_protein_850-like__Balaenoptera_acutorostrata_scammoni_   2.7734346 2.7734346 9.0000000 9.0000000 9.0000000 9.0000000 9.0000000 2.8793642 4.6901564 2.1162142 9.0000000 1.0030288 1.0144886 0.0000000 0.8138480 0.7793283 0.8616221 1.0315497 0.7799402 0.7926439 0.7844124 1.3591509 0.7612858 0.8831316 0.8020623 0.8994632 0.8904610 0.8187204 0.7435290 0.8837381 1.4826757 1.0952664 0.9145613 1.0332219 1.0395078 0.8044539 0.9852864 1.0324096 1.4651150 1.2908249 1.2908249 0.6948770 0.8246554 0.8616100 0.8844963 0.8699621 0.8103000 0.7536419 0.8880585 0.7261368 0.6178506 0.9651973 0.8215405 0.9373906 1.1226179 0.7838214 1.2932849 8.9999988 1.2008516 1.3806601 1.3601990 0.9799455 0.9587205 1.0955522 1.1133162 1.3673093 1.3237061 9.0000000 1.2604494 1.0141274 1.0283693 1.3933674 1.3933674 1.3933674 1.6223988 1.3933674 1.5368494 1.6223988 1.2191829 1.1067858 0.9354619 1.4016124 1.2597532 1.1766741 1.2209256 1.1629322 0.9404007 8.9999986 1.3481347 1.3481347 1.3481347 1.0979385 1.8444485 1.0466380 9.0000000 1.0377899 0.8613963 
Erinaceus_europaeus____eulipotyphla_XP_016045502.1_PREDICTED__zinc_finger_protein_665_isoform_X1__Erinaceus_europaeus_                                 9.0000000 9.0000000 9.0000000 9.0000000 9.0000000 9.0000000 9.0000000 9.0000000 9.0000000 9.0000000 9.0000000 0.9176892 0.9644004 0.8138480 0.0000000 0.8015841 0.7671353 0.8584261 0.8360260 0.8212817 0.8867455 0.9462402 0.6793949 0.8223620 0.8276592 0.8730143 0.9425856 0.8057866 0.7353953 0.7411042 1.0488470 0.7636503 0.8603015 0.9694274 0.9286489 0.7852777 0.8200067 0.9322291 1.3614832 1.2508163 1.2508163 0.9107394 0.9651981 1.0174891 0.8858639 0.8341189 0.8167009 0.8387299 0.9366024 0.9655936 0.6709559 1.2635519 0.7603934 1.0328471 3.3969464 0.9237998 0.8543411 1.3278692 0.9213758 0.8024066 0.7476584 0.8058670 0.7191911 0.8134143 0.7872834 1.0364390 1.1535404 1.1460243 1.0900885 0.9061662 1.1902785 1.0479204 1.0555166 1.0555166 1.0653996 1.0479204 1.0577380 1.0577380 0.9442039 1.1722872 0.9866916 1.3669109 1.0810153 1.2589838 0.8923582 0.9363593 1.1294784 9.0000000 1.3568715 1.3568715 1.3568715 1.7471163 2.5726653 1.3995887 2.0924551 0.8958980 0.7634384 
Equus_caballus____perissodactyla_XP_023477056.1_zinc_finger_protein_850__Equus_caballus_                                                               7.4639601 7.4639601 7.4639601 8.9999988 8.9999983 8.9999982 4.5038753 4.5038753 4.5213325 3.2360651 6.8088951 0.9197505 1.1143920 0.7793283 0.8015841 0.0000000 0.2419511 0.8944639 0.9249752 0.8661977 0.8210108 1.0822970 0.7576476 0.9155104 1.0263173 1.0024334 1.1543400 0.8893960 0.7912998 0.9393912 1.1467449 0.9471135 0.8420558 1.0475254 1.0129839 0.9996473 1.0030163 1.0650298 1.3843903 1.2571195 1.2571195 0.9637394 1.0352234 1.0430816 0.9355377 0.9140804 0.8910722 0.8924805 0.9805229 0.9483762 0.7928186 1.3791319 0.9329421 1.0522010 2.6231501 0.9557006 0.9455796 1.0491527 0.8248470 0.8173900 0.8677922 0.8107637 0.7733745 0.9295443 0.9707085 1.0897923 0.9376647 1.1075168 0.9687219 0.9877434 1.0952127 0.9352320 0.9469327 0.9469327 0.9400059 0.9352320 0.9284175 0.9284175 1.0488154 1.3936280 0.8327913 1.0310699 0.8728708 0.9797896 0.8219778 1.0683235 0.9102992 3.2951282 1.3390049 1.3390049 1.3390049 0.9460218 1.9698755 0.7677612 0.9762031 1.8432577 3.4243590 
Loxodonta_africana____afrotheria_XP_010588185.2_zinc_finger_protein_501_isoform_X2__Loxodonta_africana_                                                8.9999983 8.9999983 8.9999983 5.0723980 8.9999988 4.9007541 2.5250697 2.5250697 3.3090142 3.8761531 4.8762444 0.8854573 1.0815947 0.8616221 0.7671353 0.2419511 0.0000000 0.8826156 0.9261442 0.8763190 0.8882592 1.1123931 0.7524757 0.9044614 1.0367871 1.0393948 1.1372499 0.8614682 0.8195484 0.8607843 1.0725684 0.9071027 0.8264049 0.9972375 0.9226984 0.9450915 0.9294103 1.0606390 1.4329380 1.2460635 1.2460635 0.9819135 1.0429435 1.0192225 0.9447586 0.9187321 0.9282007 0.8748574 0.9916649 0.9727487 0.7608008 1.2401721 0.8578110 1.0035814 2.6968710 0.9839198 1.0122468 1.0460225 0.8364693 0.9226406 0.9524732 0.9628633 0.8678513 0.9965737 1.0212060 1.1576482 0.9960985 1.1222734 1.0001612 1.0315361 1.1203413 0.9443966 0.9562014 0.9562014 0.9491773 0.9443966 0.9374869 0.9374869 1.0424565 1.4377343 0.8537767 1.0977208 0.9369259 0.9825294 0.8428349 1.0416588 0.9160565 2.1581928 1.3275600 1.3275600 1.3275600 1.0299408 2.0802248 0.7420515 0.9213851 1.6624061 2.0254397 
Erinaceus_europaeus____eulipotyphla_XP_016049862.1_PREDICTED__zinc_finger_protein_850_isoform_X1__Erinaceus_europaeus_                                 4.8331645 4.8331645 6.2590392 3.5355895 4.2455411 3.5346466 2.9250585 2.4304683 3.0002014 3.6070947 4.0944660 0.9348186 1.0853709 1.0315497 0.8584261 0.8944639 0.8826156 0.0000000 1.0298415 0.9334824 0.8891089 0.9710546 0.8001254 0.9667128 0.9103989 0.9346810 1.0264030 0.8071483 0.8608177 0.8242628 1.0716546 0.8728598 0.9097802 0.9651548 0.9140351 0.8874138 0.9457178 0.9613917 1.3632375 1.2747581 1.2747581 1.0947634 0.8942809 0.9157697 0.7906596 0.8935297 0.8538458 0.8352439 0.9215055 1.1230464 0.6733905 1.1433878 0.6741988 0.8889232 3.5687037 1.0649180 1.1692256 1.1982452 0.9063533 1.0196094 1.0198647 1.1194500 0.9960957 1.0332600 1.0151588 1.2960218 1.1285560 1.0009040 1.1569713 1.0551233 1.1714591 0.9095717 0.9149000 0.9149000 0.9220459 0.9095717 0.9267091 0.9166922 1.1540113 1.3072930 1.0095750 1.2282022 1.0187649 1.1155654 0.9537444 1.1766157 1.0250538 1.4892628 1.4126544 1.4126544 1.4126544 1.2197316 2.2731790 1.0662520 0.9944491 1.0576888 1.1038669 
Loxodonta_africana____afrotheria_XP_023399654.1_zinc_finger_protein_850_isoform_X3__Loxodonta_africana_                                                2.9894996 2.9894996 3.3552767 2.1902749 4.1986707 2.3353970 1.4887850 1.2775053 1.7674711 1.5902007 2.1844711 0.8837675 1.0569077 0.7799402 0.8360260 0.9249752 0.9261442 1.0298415 0.0000000 0.9373896 0.9791597 1.2017235 0.7339724 0.9913138 0.8863951 1.0196101 1.2423778 0.9455554 0.8634542 0.9878508 1.4667887 1.0841052 0.8945554 1.1858205 0.9856662 0.9348854 1.0643844 1.0626560 1.4640533 1.2499447 1.2499447 1.0546480 0.9650023 0.9748371 1.0353963 1.0467752 0.9599983 0.9723438 0.9444071 1.0732409 0.6843268 1.5684113 0.9565433 1.1094039 2.4267236 1.0717528 0.9706392 1.6632856 1.0928594 0.8460613 0.9041149 0.8266978 0.7214599 0.8586019 0.8761101 1.1559749 1.2716632 1.2976844 1.1888141 0.9920549 1.2290219 1.1094505 1.1094505 1.1094505 1.1193591 1.1094505 1.1217680 1.1193591 1.0401314 1.6199560 1.3026052 1.3285868 1.2139674 1.2609334 1.0369871 1.1134775 1.0190403 4.1291302 1.4014669 1.4014669 1.4014669 1.6487796 2.6304179 1.7141721 2.3196296 0.9665586 0.9010067 
Erinaceus_europaeus____eulipotyphla_XP_016049861.1_PREDICTED__LOW_QUALITY_PROTEIN__uncharacterized_protein_LOC103126390__Erinaceus_europaeus_          9.0000000 9.0000000 9.0000000 5.6411564 7.9079308 4.4587736 4.3232980 4.3232980 7.5423167 9.0000000 6.6604397 0.9792465 1.0403130 0.7926439 0.8212817 0.8661977 0.8763190 0.9334824 0.9373896 0.0000000 0.7356501 0.8861170 0.7996411 0.8203725 0.7362074 0.8869436 0.8420823 0.8142929 0.8390785 0.7809120 1.0694271 0.8461667 0.8829813 1.0035331 0.9166765 0.9341112 0.9609738 0.9868089 1.5379579 1.2323624 1.2323624 1.1552786 1.0250213 1.0953168 0.9561518 0.9188735 0.8717699 0.8983390 1.0302733 1.0706135 0.6931356 1.2132496 0.7521914 1.1416163 3.3051733 1.1177610 1.0184230 1.3475624 0.9965514 0.9894455 0.9959710 1.0362537 0.9428095 1.0453876 1.2117919 1.3802733 1.0631201 1.2127884 1.0967904 1.0204701 1.2383695 0.9297300 0.9354702 0.9354702 0.9354702 0.9297300 0.9297300 0.9297300 0.9792668 1.3102541 1.8238084 1.1443640 1.0243233 1.0948923 0.8737997 0.9484723 1.1180955 0.9885904 1.4318663 1.4318663 1.4318663 1.3666566 2.6229529 1.2503763 1.4782362 1.5275611 0.5880030 
Pteropus_vampyrus____chiroptera_XP_011380016.2_zinc_finger_protein_420_isoform_X10__Pteropus_vampyrus_                                                 4.5591921 4.6833304 5.0138916 5.5043732 5.3218134 4.8290829 4.0825800 3.6867368 4.6755273 6.7860696 5.9163164 0.8993584 1.0823209 0.7844124 0.8867455 0.8210108 0.8882592 0.8891089 0.9791597 0.7356501 0.0000000 0.8639354 0.9765015 0.6580107 1.0006680 1.3364041 1.4496891 1.0258995 1.0431439 1.0049650 0.8672419 0.8958860 0.9693569 2.2473988 1.3130135 1.3925544 1.4665918 1.2319567 1.8887284 1.2374920 1.2374920 1.5706963 1.1373301 1.1539636 0.9736521 1.2041806 0.9560068 1.0804210 0.9935758 1.3311351 0.8435762 2.8123049 9.0000000 1.9296381 3.1674318 1.0246323 0.9306458 1.1359567 0.7382211 0.8452175 0.8266285 0.8574732 0.6816484 0.9630432 1.0065404 1.0726332 0.9494785 1.0051096 0.9519975 0.9398759 1.0605743 0.9492624 0.9638803 0.9638803 0.8882626 0.9492624 0.9313569 0.8647742 0.8679628 1.1002298 0.9288458 0.9972393 1.0071494 0.8950607 0.8420574 0.8627099 0.8576742 1.4833881 1.4378303 1.4378303 1.4378303 1.0748995 1.7887807 1.1069978 0.9936146 1.0996215 1.1136344 
Equus_caballus____perissodactyla_XP_005596295.1_zinc_finger_protein_780A_isoform_X1__Equus_caballus_                                                   1.6264936 1.6158304 1.6836641 1.6426236 1.6284220 1.6384564 1.4775850 1.5249754 1.6132122 1.6588412 1.6057351 1.1404680 1.1911885 1.3591509 0.9462402 1.0822970 1.1123931 0.9710546 1.2017235 0.8861170 0.8639354 0.0000000 0.9409034 0.9494864 0.9831706 1.0861869 1.1420737 1.0311651 0.9083321 0.8104463 0.9736725 0.9792038 1.0518605 1.1541935 1.0283483 1.0368153 1.0399289 1.0367945 1.3581685 1.6512122 1.6512122 1.0184602 1.0171091 1.2208694 1.0678214 1.0075851 0.9413513 1.0636332 1.1804983 1.2051309 1.0257136 1.1076052 0.8549751 1.1319630 4.6781767 1.3653791 0.9745337 0.9909830 0.8999116 0.9496231 0.9974655 1.0053734 0.8926419 1.0438320 1.0629176 1.0373536 1.0996047 1.0616397 1.1199155 1.3482744 1.3569249 1.0391231 1.0461598 1.0461598 0.9643912 1.0391231 0.9976937 0.9481854 1.4431319 1.2619642 1.1818152 1.1582948 1.2003214 1.4229735 1.1797917 1.4262350 1.0669139 1.0919674 1.7113972 1.7113972 1.7113972 1.4933335 1.9427547 1.3046225 1.3407399 1.5018583 1.2296889 
Otolemur_garnettii____lorisoidea_XP_023372666.1_zinc_finger_protein_850-like__partial__Otolemur_garnettii_                                             2.0676458 2.0676458 2.1459524 2.1186850 2.0877532 2.0171809 1.9925165 2.0344845 2.0743165 2.1858030 2.0069861 0.8897244 0.9140666 0.7612858 0.6793949 0.7576476 0.7524757 0.8001254 0.7339724 0.7996411 0.9765015 0.9409034 0.0000000 0.7577024 0.6585107 0.7292971 0.7881295 0.8315762 0.7647346 0.8225916 0.9941672 0.8307373 0.7909462 0.8985165 0.8248974 0.7845716 0.7854854 0.8114303 1.0431087 1.5500164 1.5500164 0.8514769 0.9692810 1.1657697 0.8188291 0.8889560 0.7659401 0.8949139 0.9977160 0.9177016 0.7746079 0.8403611 0.6832488 0.8779519 3.4858254 1.2801532 1.2678007 1.0431755 1.1557919 1.2722917 1.2691293 1.0495275 1.1155030 1.2097828 1.2703804 1.4224451 1.1281168 0.9970652 1.1271404 1.2176308 1.1300143 1.0749376 1.0904055 1.0904055 1.0440837 1.0749376 1.0487727 1.0191527 1.5402675 1.0151599 0.9347453 1.0749124 0.9697911 1.3429506 1.0019877 1.3196629 1.4050961 1.2426866 1.5541369 1.5541369 1.5541369 1.3477161 1.4341725 1.2456102 1.3293459 1.3875195 1.3526928 
Erinaceus_europaeus____eulipotyphla_XP_016050331.1_PREDICTED__LOW_QUALITY_PROTEIN__zinc_finger_protein_208__Erinaceus_europaeus_                       1.9187253 1.9076715 1.9715811 1.9705159 1.9904166 1.9319220 1.8255933 1.8891953 1.8718101 1.9242352 1.8948312 1.1031948 1.0603132 0.8831316 0.8223620 0.9155104 0.9044614 0.9667128 0.9913138 0.8203725 0.6580107 0.9494864 0.7577024 0.0000000 0.1908848 0.3679490 0.6479768 0.6976754 0.8096540 0.7519864 0.8966415 0.8290479 0.8349820 0.9435673 0.8670588 0.9126495 1.0144463 0.8643666 1.2114062 1.3632766 1.3632766 1.1964684 1.0806214 1.3736817 0.8868474 0.7928717 0.9860556 0.8809435 1.0881938 1.3994015 0.7619608 0.8970459 0.6895860 0.8782613 1.4197311 0.8418599 0.8835181 0.9450975 0.8942209 0.9852938 0.9866449 0.9567724 0.8766925 0.8619698 0.9453182 1.0113464 1.0007580 0.9824008 0.9821653 0.9183522 1.0067630 0.8990145 0.9139717 0.9139717 0.8693657 0.8990145 0.8773885 0.8492101 1.1120391 0.9796457 0.8261688 0.9944350 1.0204555 0.8618638 0.9300880 0.9537623 0.8648708 1.0832245 1.2581394 1.2581394 1.2581394 1.0351174 1.1391549 1.0287490 1.1911867 1.0182581 0.9098586 
Equus_caballus____perissodactyla_XP_023507076.1_zinc_finger_protein_420_isoform_X12__Equus_caballus_                                                   6.6049571 6.6834959 6.6819695 8.9999984 7.4025527 6.8547746 4.8287709 4.9221001 6.1787213 6.1383894 6.1129987 0.9375264 0.9709270 0.8020623 0.8276592 1.0263173 1.0367871 0.9103989 0.8863951 0.7362074 1.0006680 0.9831706 0.6585107 0.1908848 0.0000000 0.3430307 0.5783896 0.6310206 0.7617416 0.7412360 0.9261169 0.7934383 0.7813249 0.8762804 0.7799733 0.7867203 0.8910498 0.7385016 1.1252776 1.5127712 1.5127712 0.9602530 0.9668910 1.2507978 0.8146300 0.7153607 0.7895990 0.7573167 0.9333631 1.0161018 0.7745363 0.7859161 0.6718409 0.8274431 3.7442543 0.8651529 0.9836800 1.1698140 1.1338855 0.6529400 0.8145819 1.1450971 0.7450673 1.7929179 2.5659541 1.3988148 1.3803492 1.6721322 1.4379762 0.7560363 0.8990255 1.5587839 1.6228671 1.6228671 1.1632757 1.5587839 1.2674371 1.0751188 0.9843499 0.9121637 0.6515258 2.4687778 1.5125805 0.9756471 1.4486427 0.7563394 2.1313569 1.1504583 1.2627591 1.2627591 1.2627591 1.0096544 1.1890276 0.9085008 0.9923603 0.8494717 0.8095683 
Carlito_syrichta____tarsiidae_XP_008054518.2_zinc_finger_protein_571__Carlito_syrichta_                                                                8.9999983 8.9999990 8.9999983 8.9999985 8.9999986 8.9999988 6.2185512 6.3438193 7.4669775 8.9999989 8.9999987 1.0085340 1.0315506 0.8994632 0.8730143 1.0024334 1.0393948 0.9346810 1.0196101 0.8869436 1.3364041 1.0861869 0.7292971 0.3679490 0.3430307 0.0000000 0.4251044 0.6493787 0.8440877 0.8089362 1.0093464 0.8145114 0.8335579 0.9465595 0.8526937 0.8477763 0.9159480 0.8019096 1.2103744 1.5109381 1.5109381 1.0106531 0.9304043 1.1787741 0.8465259 0.7659666 0.9003884 0.8447980 1.0021054 1.0006648 0.8543614 0.8547092 0.7543311 0.8706827 2.8068435 0.8311830 0.6953137 0.7681700 1.0146061 0.5346788 0.5646257 0.8389287 0.6261724 1.5176098 1.8814918 0.9906774 0.9981465 1.2674331 1.1594961 0.7546053 0.8714289 1.3712153 1.4023275 1.4023275 0.9528290 1.3712153 1.0512595 0.9357475 0.8583141 0.8707736 0.6787205 1.6169447 1.3443722 0.9390389 1.2749260 0.6995405 2.2035589 0.9463177 1.2286332 1.2286332 1.2286332 1.0508597 1.2542552 0.8669672 0.8298210 0.7579672 0.8159446 
Dasypus_novemcinctus____xenarthra_XP_023444636.1_LOW_QUALITY_PROTEIN__zinc_finger_protein_571__Dasypus_novemcinctus_                                   6.1431365 5.7867927 6.0563929 7.7824610 6.5339091 6.4670684 5.2850379 5.9733074 7.7530898 8.9999982 5.7705524 1.0169343 1.0414219 0.8904610 0.9425856 1.1543400 1.1372499 1.0264030 1.2423778 0.8420823 1.4496891 1.1420737 0.7881295 0.6479768 0.5783896 0.4251044 0.0000000 0.6639455 0.8855350 0.9100401 1.0340915 0.8802845 0.8011587 0.9778834 0.8751232 0.8391446 0.8651716 0.8232657 1.2027246 1.6613462 1.6613462 0.9704405 0.9063004 1.1238394 0.8475501 0.7563053 0.9000799 0.8530513 1.0120786 1.0572514 0.8321305 0.7667415 0.7000447 0.8466422 3.2735042 1.0640188 1.2085853 1.0243197 1.1396459 0.8075839 0.8532833 0.9822342 0.7055254 1.7790822 2.3455573 1.5065732 1.2567317 1.3044801 1.4603346 0.9506411 1.1459207 1.6961772 1.7428977 1.7428977 1.2398373 1.6961772 1.3154011 1.1533969 1.2876919 1.1235836 0.7813784 2.3110127 1.4304505 1.1260958 1.4308941 0.8776966 3.3229561 1.1886976 1.4109657 1.4109657 1.4109657 1.0981620 1.5337476 1.0029406 1.0042997 0.9770918 0.9339209 
Tupaia_chinensis____scandentia_XP_014448421.1_LOW_QUALITY_PROTEIN__zinc_finger_protein_208__Tupaia_chinensis_                                          1.9428626 1.9426362 2.0043277 2.0258819 1.9603055 1.9981567 1.8109658 1.8566698 1.8780664 1.9421101 1.9345806 0.9610805 1.0486189 0.8187204 0.8057866 0.8893960 0.8614682 0.8071483 0.9455554 0.8142929 1.0258995 1.0311651 0.8315762 0.6976754 0.6310206 0.6493787 0.6639455 0.0000000 0.8666509 0.8044790 0.4244119 0.4174259 0.8248081 0.9229759 0.8886498 0.7894355 0.9511555 0.8478187 1.0764328 1.4667631 1.4667631 0.9069891 1.1385416 1.4259596 0.8654857 0.8262660 0.8618071 0.8037827 1.0139124 1.0222205 0.7940782 0.7967083 0.6976933 0.8020496 5.0635972 1.0743580 1.1375233 1.0377673 1.0318067 1.0449691 1.1004224 1.0781198 1.0156641 1.1770573 1.0477717 1.1065879 1.1564564 1.0844553 1.1589467 0.9079444 0.9873122 1.2416193 1.2533988 1.2533988 1.1606137 1.2416193 1.1969855 1.1361324 1.0186396 1.0810265 0.8641687 1.0963168 1.1068093 0.9981499 1.1383990 0.8726058 0.9209206 1.3217121 1.3358505 1.3358505 1.3358505 1.1882512 1.3790486 1.1832117 1.3123449 0.9654707 0.8703102 
Mandrillus_leucophaeus____cercopithecoidea_XP_011840165.1_PREDICTED__LOW_QUALITY_PROTEIN__zinc_finger_protein_850__Mandrillus_leucophaeus_             1.6726548 1.6629358 1.7188651 1.6859970 1.6694038 1.6736649 1.5616036 1.5363432 1.5594523 1.6577608 1.6032236 0.9032835 1.0077153 0.7435290 0.7353953 0.7912998 0.8195484 0.8608177 0.8634542 0.8390785 1.0431439 0.9083321 0.7647346 0.8096540 0.7617416 0.8440877 0.8855350 0.8666509 0.0000000 0.7846218 0.9382706 0.8887022 0.7500033 1.0078747 0.8910721 0.9143921 0.9040896 0.9106340 1.1157987 1.5332519 1.5332519 0.9156623 0.9306390 1.1170985 0.8981877 0.8528097 0.8437588 0.9768850 1.0634893 1.0100307 0.8158247 0.8657764 0.7328619 0.9341118 5.9290338 1.1247414 0.9839502 0.8392807 0.8003902 0.8421810 0.9036752 0.9678305 0.8884103 1.0409293 1.0168383 1.0608020 1.0287460 0.9657795 1.1873993 1.0730527 1.0966680 1.0671596 1.0560050 1.0560050 0.9582486 1.0671596 1.0254526 0.9560274 1.4988909 1.0709095 0.9007634 1.0448541 1.0433071 1.3036827 1.0768613 1.2462344 0.9284507 1.0707684 1.3667670 1.3667670 1.3667670 1.3856967 1.5895240 1.2149716 1.1990298 1.0885345 0.9760712 
Balaenoptera_acutorostrata____cetartiodactyla_XP_007180033.2_LOW_QUALITY_PROTEIN__zinc_finger_protein_546__Balaenoptera_acutorostrata_scammoni_        2.0204773 2.0092962 2.0078659 2.0553342 2.0592627 2.0356312 2.0104514 1.9644655 2.0717335 2.0428137 2.0817033 0.9569944 1.0684643 0.8837381 0.7411042 0.9393912 0.8607843 0.8242628 0.9878508 0.7809120 1.0049650 0.8104463 0.8225916 0.7519864 0.7412360 0.8089362 0.9100401 0.8044790 0.7846218 0.0000000 0.8319197 0.7254455 0.7581414 0.8051076 0.8322297 0.8874530 0.8754556 0.8599754 1.1358064 1.5490813 1.5490813 0.9333062 0.9016892 0.9531451 0.7442094 0.8600578 0.7168346 0.7823560 0.9083601 1.0312177 0.7563819 0.8004851 0.6549284 0.8557968 3.7124070 1.1143877 0.8255438 0.8280240 0.8131158 0.7945975 0.8899475 0.8161254 0.8464116 1.0295693 1.1049292 1.0708283 1.3793571 1.2581324 1.3098776 1.2634259 1.2988162 1.2715056 1.2751821 1.2751821 1.0597113 1.2715056 1.1460623 1.0377021 1.4140100 1.2223212 0.9987126 1.4601003 1.1203237 1.4300878 1.0926359 1.2820429 0.9285149 1.0070130 1.4878534 1.4878534 1.4878534 1.5974893 1.8664989 1.8915733 1.6206623 1.0185600 0.8789597 
Otolemur_garnettii____lorisoidea_XP_023372667.1_zinc_finger_protein_607__Otolemur_garnettii_                                                           1.7856265 1.7856265 1.8196732 1.7774168 1.9047250 1.7471932 1.7656501 1.7551420 1.8231080 1.8131070 1.7660515 1.2921257 1.2831567 1.4826757 1.0488470 1.1467449 1.0725684 1.0716546 1.4667887 1.0694271 0.8672419 0.9736725 0.9941672 0.8966415 0.9261169 1.0093464 1.0340915 0.4244119 0.9382706 0.8319197 0.0000000 0.4151104 1.0000954 1.1202914 0.9686218 0.9639890 1.0127312 0.9400566 1.2126212 1.6170393 1.6170393 1.3286148 1.0338393 1.2517786 1.0956223 0.9200125 1.0952415 1.1530727 1.2604827 1.4082635 1.0428779 1.0334835 0.8631865 1.1929229 4.4289474 1.2460194 1.0465748 1.0705220 1.0003029 1.0903300 1.1522106 1.0433688 1.0279297 1.1274944 1.0536685 1.2320122 1.1615341 1.0635814 1.0763686 1.1675125 1.2691237 1.1519226 1.1506549 1.1506549 1.1197789 1.1519226 1.1209720 1.1116076 1.3271746 1.2003984 1.0228710 1.1779245 1.0149124 1.0888872 0.9990575 0.9758142 0.8983290 1.1799290 1.5764569 1.5764569 1.5764569 1.2327030 1.2915107 1.2742485 1.3807850 1.0792288 0.8745219 
Ursus_arctos____carnivora_XP_026338220.1_LOW_QUALITY_PROTEIN__zinc_finger_protein_573__Ursus_arctos_horribilis_                                        1.7710770 1.7710770 1.7729942 1.8213096 1.8065303 1.7772338 1.8231099 1.8090657 1.8241540 1.8181253 1.7907136 0.9903513 1.0246042 1.0952664 0.7636503 0.9471135 0.9071027 0.8728598 1.0841052 0.8461667 0.8958860 0.9792038 0.8307373 0.8290479 0.7934383 0.8145114 0.8802845 0.4174259 0.8887022 0.7254455 0.4151104 0.0000000 0.9474652 0.9672786 0.9468600 0.7458303 0.7531308 0.7833384 1.1665371 1.3754785 1.3754785 0.9994330 1.0059296 1.1765615 0.9098834 0.7936615 0.9723210 0.9299405 1.0389454 1.1142801 0.8339729 0.9343731 0.7528800 0.9652357 4.4283551 1.1543170 1.0263689 1.0175606 0.9329355 1.0259224 1.0796753 0.9847541 1.0422089 1.1003077 1.0191882 1.2843729 1.1069476 1.0465547 1.0115315 1.0924130 1.1432107 1.1201539 1.1300702 1.1300702 1.0992770 1.1201539 1.0900582 1.0785441 1.3585107 1.1927747 1.0309742 1.1789678 0.9912712 1.0721575 0.8660996 0.9689850 0.9198392 1.1651681 1.5084790 1.5084790 1.5084790 1.2621537 1.3254686 1.2702922 1.4526299 0.9814320 0.8768165 
Loxodonta_africana____afrotheria_XP_023399391.1_zinc_finger_protein_420-like_isoform_X3__Loxodonta_africana_                                           4.7979569 4.5851191 5.2910371 5.8167157 5.1326149 5.2692163 5.1965641 6.0565020 8.2041327 6.5337090 5.7631973 0.9274444 0.8952728 0.9145613 0.8603015 0.8420558 0.8264049 0.9097802 0.8945554 0.8829813 0.9693569 1.0518605 0.7909462 0.8349820 0.7813249 0.8335579 0.8011587 0.8248081 0.7500033 0.7581414 1.0000954 0.9474652 0.0000000 1.1551571 0.9946416 0.9092388 0.9577878 1.0562459 1.3129109 1.3881917 1.3881917 0.8743184 0.9455362 1.0261488 0.8729499 0.8919886 0.7945375 0.7240311 1.0168582 0.8354284 0.7985175 0.9064566 0.7679280 0.8720101 3.4487994 1.1534890 1.4781894 1.0052106 0.8835175 1.0774939 1.0161385 1.0663077 0.8488124 0.9740968 1.2720316 1.4961262 2.1227259 2.4200472 2.4187386 1.2096567 1.2549262 1.7867617 1.7867617 1.7867617 1.2769262 1.7867617 1.4610488 1.1972522 1.3034708 1.2765591 1.0475795 1.8636739 1.2118880 1.5701826 1.7238555 1.3474008 1.6750068 1.5968272 1.6823412 1.6823412 1.6823412 1.3856960 1.5397974 1.3611057 0.9183857 0.9906757 0.9270238 
Orycteropus_afer____afrotheria_XP_007955524.1_PREDICTED__zinc_finger_protein_208-like__Orycteropus_afer_afer_                                          8.0929267 8.0929267 8.9999989 8.8255672 6.9918489 8.9999985 8.9999986 8.4921442 6.2260275 8.3139100 8.9999987 1.0276771 1.0353576 1.0332219 0.9694274 1.0475254 0.9972375 0.9651548 1.1858205 1.0035331 2.2473988 1.1541935 0.8985165 0.9435673 0.8762804 0.9465595 0.9778834 0.9229759 1.0078747 0.8051076 1.1202914 0.9672786 1.1551571 0.0000000 0.5500131 0.8128400 0.9128091 0.8174443 1.1219779 1.6877924 1.6877924 0.9976737 1.2221032 1.3167991 1.1248667 1.0513031 0.9663181 0.9003697 1.1796976 1.1928596 1.0496282 0.9410700 0.9038146 0.9678751 6.1943396 1.7219720 2.3756159 3.9773184 1.7585393 1.9927933 2.0809298 2.0271978 2.0055209 1.4843339 1.6122692 2.6943890 3.7238759 3.9991711 5.0125938 1.2333672 1.2585471 1.0718049 1.0718049 1.0718049 1.6459360 1.0718049 1.6459360 1.6459360 1.3450162 1.1932076 1.1606142 1.6389246 1.4428766 1.3260785 1.9034649 1.5466641 1.3943001 2.3052636 1.5710650 1.5710650 1.5710650 1.5210639 1.7259729 1.2825319 1.8014372 1.1578725 1.1661891 
Orycteropus_afer____afrotheria_XP_007957063.1_PREDICTED__LOW_QUALITY_PROTEIN__zinc_finger_protein_345-like__partial__Orycteropus_afer_afer_            4.5724943 4.5724943 4.5724943 4.6673564 4.6479416 6.3083000 4.8105398 4.6092313 4.0826984 4.1838584 8.9999982 1.0220277 1.0270022 1.0395078 0.9286489 1.0129839 0.9226984 0.9140351 0.9856662 0.9166765 1.3130135 1.0283483 0.8248974 0.8670588 0.7799733 0.8526937 0.8751232 0.8886498 0.8910721 0.8322297 0.9686218 0.9468600 0.9946416 0.5500131 0.0000000 0.7670547 0.9033809 0.7916310 1.1194151 1.6551880 1.6551880 1.0557357 1.0425448 1.1726197 0.9328605 0.9911008 0.9128907 0.8349255 0.9852449 0.9496322 1.0577248 0.8755643 0.8790332 0.9544931 2.1779280 1.1446042 0.8779385 0.8844481 0.7311896 0.9005058 1.1200408 1.0307412 0.8532427 0.4578413 0.4747742 1.0951832 1.0726178 0.0000010 2.0523960 1.0237779 1.0783185 1.0774667 1.0774667 1.0774667 1.0635006 1.0774667 1.0635006 1.0635006 1.1448884 0.9951902 0.9295163 1.9485510 1.3684082 0.9310992 1.6047857 0.6624429 9.0000000 1.1018353 1.6722459 1.6722459 1.6722459 1.2235591 1.5537441 1.2797117 0.7746069 1.0815514 0.9454360 
