100
NP_001191837.1 0.0000000 0.0318170 0.1298282 0.0804046 0.1629337 0.2396832 0.2374859 0.2509008 0.2509008 0.2509008 0.2661085 0.2926659 0.2744508 0.2601447 0.2583669 0.5623401 0.5121434 0.5623401 0.5778877 0.5774156 0.5860137 0.5450710 0.5569912 0.5515708 0.5714901 0.5499716 0.5709375 0.5574305 0.5827292 0.5838315 0.5873246 0.5725806 0.5884072 0.5930265 0.5783027 0.6468379 0.5991321 0.6501017 0.6447264 0.6251329 0.6048794 0.6060667 0.6103658 0.6178799 0.6210526 0.6172480 0.6371761 0.6342510 0.6085809 0.6678768 0.6850020 0.6894003 0.6675506 0.6898999 0.6726652 0.6882211 0.6788850 0.6713134 0.5987208 0.6833226 0.6069128 0.6163632 0.6981796 0.6799718 0.6891759 0.6461714 0.7030752 0.6741661 0.7448139 0.7001801 0.7099302 0.7353547 0.7311869 0.7214302 0.7195225 0.6659349 0.6934790 0.6469222 0.6845721 0.6856571 0.6856571 0.7083586 0.7069809 0.7248817 0.6780060 0.7340028 0.6720349 0.7774812 0.7763049 0.7778696 0.7606494 0.7759568 0.8241540 0.7818107 0.5794203 0.7960324 0.8000026 0.8370332 0.8176276 0.8166878 
XP_021020557.1 0.0318170 0.0000000 0.1376319 0.0793802 0.1599282 0.2446739 0.2469929 0.4988263 0.4988263 0.3905797 0.2712758 0.3879856 0.2814871 0.4135009 0.2695726 0.8314620 0.5177801 0.5870615 0.6033396 0.6029793 0.6049565 0.5541513 0.5662200 0.5500244 0.6015398 0.5590871 0.5845191 0.5666063 0.6133998 0.6017040 0.6181651 0.5819094 0.6020285 0.6066791 0.6085082 0.6621069 0.6129304 0.6690369 0.6635675 0.6505272 0.6186677 0.6159070 0.6242504 0.6318515 0.6350616 0.6312361 0.6514694 0.6516977 0.6240975 0.6929732 0.7183967 0.7036284 0.6825515 0.7040995 0.6877086 0.7175396 0.6939618 0.6845471 0.6140396 0.7060755 0.6223254 0.6155790 0.7212162 0.6932962 0.7231803 0.6883596 0.7142283 0.6882374 0.7511244 0.7237659 0.7332953 0.7482042 0.7439563 0.7262539 0.7431581 0.6735324 0.7011027 0.6913549 0.7049829 1.1124795 0.7060579 0.7278864 0.7277457 0.7458899 0.6983337 0.7896431 0.6926927 0.7934583 0.7922634 0.7868339 0.7697697 0.7849257 1.2421138 0.7975741 0.5820289 0.8150023 0.8190440 0.8472565 0.8163348 0.8453089 
XP_028631559.1 0.1298282 0.1376319 0.0000000 0.1174344 0.1357406 0.2198279 0.2225908 0.2373846 0.2373846 0.2373846 0.2519044 0.2911553 0.2698525 0.2500676 0.2462350 0.5649152 0.5693146 0.5649152 0.5817443 0.5754051 0.5913003 0.5871061 0.6007849 0.6207824 0.6263877 0.5862850 0.6173486 0.5997442 0.6382887 0.6245071 0.6430053 0.6058677 0.6168919 0.6059446 0.6462519 0.6947103 0.6252314 0.6980255 0.6949924 0.6591580 0.6280627 0.6488295 0.6207597 0.6385294 0.6442340 0.6404814 0.6547013 0.6851166 0.6344052 0.6863524 0.7242129 0.7185954 0.6752073 0.7190251 0.6701541 0.7237555 0.6861889 0.6974251 0.6394443 0.7115310 0.6474302 0.6721077 0.7275657 0.7060608 0.7228821 0.7038631 0.7338885 0.6963920 0.7632371 0.7229285 0.7074098 0.8274987 0.7558479 0.7145328 0.7166996 0.7114337 0.7237072 0.7077906 0.7549497 0.7564249 0.7564249 0.7793946 0.7786797 0.7861548 0.7594988 0.8144330 0.7360877 0.8255630 0.8173512 0.8178505 0.7918684 0.8070478 0.8438959 0.8079332 0.5679327 0.8312362 0.8250900 0.8083902 0.8486614 0.8647639 
XP_021053023.1 0.0804046 0.0793802 0.1174344 0.0000000 0.1433742 0.2490698 0.2474091 0.2673893 0.2673893 0.2673893 0.2834383 0.3042805 0.2922189 0.2813459 0.2779152 0.5936841 0.5483711 0.5936841 0.6106791 0.6103541 0.6075003 0.5701112 0.5825336 0.5829509 0.6219918 0.5751475 0.5990390 0.5828322 0.6341694 0.6345614 0.6390078 0.6056964 0.6200523 0.6247724 0.6523976 0.6606158 0.6291742 0.6717820 0.6638051 0.6683746 0.6370342 0.6411384 0.6327535 0.6479129 0.6538459 0.6499641 0.6707778 0.6922363 0.6260048 0.7135193 0.7161352 0.7274507 0.6863554 0.7257293 0.6914778 0.7359805 0.6976836 0.7065634 0.6185532 0.7278583 0.6286327 0.6323338 0.7349558 0.7155453 0.7543452 0.7146058 0.7292157 0.6559501 0.7722824 0.7080524 0.7394835 0.7682422 0.7711073 0.7500891 0.7494190 0.7233731 0.7219723 0.7123902 0.7561439 0.7572148 0.7572148 0.7807372 0.7802890 0.7929927 0.7607726 0.8067249 0.7354102 0.8044991 0.8032903 0.7977414 0.7755256 0.7870462 0.8300118 0.7990624 0.5823151 0.8405353 0.8310970 0.8950235 0.8385061 0.8716266 
XP_008760694.2 0.1629337 0.1599282 0.1357406 0.1433742 0.0000000 0.2829682 0.2701988 0.2848665 0.2848665 0.2848665 0.2891413 0.3440384 0.3300968 0.2860370 0.2827328 0.6314302 0.6303494 0.6314302 0.6468927 0.6535226 0.6526466 0.6510061 0.6546398 0.6593553 0.6934827 0.6563818 0.6819298 0.6536550 0.7058796 0.6745874 0.7109275 0.6894741 0.6957076 0.6800739 0.7152490 0.7259957 0.7057408 0.7338197 0.7288634 0.7387745 0.7084013 0.7197779 0.6818603 0.7188134 0.7160661 0.7035178 0.7450235 0.7265219 0.6798375 0.7349627 0.7872374 0.7425073 0.7127663 0.7428949 0.7151281 0.7272762 0.7242510 0.7442569 0.6958312 0.7155979 0.6856278 0.6961269 0.7323649 0.7519542 0.7656258 0.7850946 0.7227222 0.7664569 0.8117247 0.7825847 0.7487233 0.8915710 0.7604997 0.7771373 0.7466986 0.7695031 0.8194928 0.7629520 0.8219339 0.8229676 0.8229676 0.8388685 0.8471720 0.8326096 0.8268385 0.8768617 0.8090449 0.8958654 0.8870390 0.8738313 0.8375464 0.8531347 0.9130341 0.8734165 0.5884235 0.9222206 0.9156279 0.9528989 0.9132825 0.9346989 
OBS80476.1     0.2396832 0.2446739 0.2198279 0.2490698 0.2829682 0.0000000 0.0992931 0.1249536 0.1249536 0.1249536 0.2688168 0.1545306 0.1521377 0.1318143 0.1315216 0.5878801 0.5559841 0.5878801 0.5977409 0.6014513 0.6091319 0.5765881 0.5848505 0.6363906 0.6098265 0.5817761 0.6206076 0.5897001 0.6047628 0.5923393 0.6095488 0.6052849 0.6041776 0.5834721 0.6310780 0.6430739 0.6132916 0.6491546 0.6437832 0.6657667 0.6091253 0.6341925 0.6087356 0.6271754 0.6331005 0.6291766 0.6437665 0.6663392 0.6270714 0.6840071 0.7458736 0.7023544 0.6674928 0.7024647 0.6622959 0.6954596 0.6787943 0.6831695 0.6112537 0.6875792 0.6266737 0.6714025 0.7022099 0.6919784 0.7143744 0.7019592 0.7148643 0.6509903 0.7590359 0.7283787 0.7142314 0.8147964 0.7568245 0.7439302 0.7240462 0.6256898 0.6628923 0.7074254 0.6619891 0.6617721 0.6617721 0.6795450 0.6843965 0.7043629 0.6662357 0.8020881 0.6569365 0.7856480 0.7775460 0.7484524 0.7313918 0.7465980 0.7867736 0.7245357 0.6168402 0.7434757 0.7375969 0.8660771 0.7557626 0.7720446 
XP_006979972.1 0.2374859 0.2469929 0.2225908 0.2474091 0.2701988 0.0992931 0.0000000 0.1393309 0.1393309 0.1393309 0.2776040 0.2008774 0.1625141 0.1466116 0.1447492 0.6057456 0.5744251 0.6057456 0.6157431 0.6195684 0.6283519 0.5941000 0.6036024 0.6554532 0.6261600 0.5993636 0.6328475 0.6074160 0.6164903 0.6028415 0.6212826 0.6177767 0.6237273 0.6184466 0.6409297 0.6610221 0.6330972 0.6671360 0.6616470 0.6557392 0.6287048 0.6365633 0.6283033 0.6471422 0.6531922 0.6492322 0.6642379 0.6643599 0.6396270 0.6933691 0.7775073 0.7162082 0.6768030 0.7166538 0.6715874 0.6893697 0.6881406 0.7065505 0.6384252 0.6776108 0.6415464 0.6937359 0.6919974 0.7155519 0.7318642 0.7295004 0.7285615 0.6775893 0.7754525 0.7078237 0.7073967 0.8380632 0.7708007 0.7588500 0.7154111 0.6360612 0.6883407 0.7285454 0.6710192 0.6811474 0.6811474 0.6912892 0.6996164 0.7048839 0.6752983 0.8323399 0.6588261 0.7947594 0.7866608 0.7387125 0.7170543 0.7318963 0.8218845 0.7124050 0.6003765 0.7699805 0.7640261 0.8726332 0.7880894 0.7977248 
RLQ66160.1     0.2509008 0.4988263 0.2373846 0.2673893 0.2848665 0.1249536 0.1393309 0.0000000 0.0000010 0.0877136 0.2532103 0.2673166 0.1013788 0.0962305 0.0000010 0.8095494 0.5825397 0.5925322 0.6204466 0.6242631 0.6143460 0.5706711 0.5792004 0.6615851 0.5812463 0.5676059 0.5972662 0.5794610 0.5928285 0.6051329 0.5975348 0.5995143 0.5976844 0.5996290 0.6015136 0.6597010 0.6065809 0.6599980 0.6603254 0.6665810 0.6025507 0.6260958 0.5984728 0.6212654 0.6259914 0.6221414 0.6374652 0.6804439 0.6484397 0.7006980 0.7855158 0.7340082 0.6840361 0.7344212 0.6787875 0.7251041 0.6900986 0.7044125 0.6445137 0.7168802 0.6500615 0.7033820 0.7216969 0.7133646 0.7335727 0.7665360 0.7505086 0.7007682 0.7805823 0.7864295 0.7317158 0.8399957 0.7940313 0.7391194 0.7385375 0.6586749 0.7077205 0.7684975 0.6957064 1.1289039 0.7020035 0.7157175 0.7161353 0.7469692 0.7000894 0.8761541 0.6770702 0.8010369 0.7928829 0.8107961 0.7933784 0.8089876 1.2556353 0.7663868 0.6084455 0.8105571 0.8043608 0.8767378 0.8231459 0.8481217 
ERE73645.1     0.2509008 0.4988263 0.2373846 0.2673893 0.2848665 0.1249536 0.1393309 0.0000010 0.0000000 0.0877136 0.2532103 0.2673166 0.1013788 0.0962305 0.0000010 0.8095494 0.5825397 0.5925322 0.6204466 0.6242631 0.6143460 0.5706711 0.5792004 0.6615851 0.5812463 0.5676059 0.5972662 0.5794610 0.5928285 0.6051329 0.5975348 0.5995143 0.5976844 0.5996290 0.6015136 0.6597010 0.6065809 0.6599980 0.6603254 0.6665810 0.6025507 0.6260958 0.5984728 0.6212654 0.6259914 0.6221414 0.6374652 0.6804439 0.6484397 0.7006980 0.7855158 0.7340082 0.6840361 0.7344212 0.6787875 0.7251041 0.6900986 0.7044125 0.6445137 0.7168802 0.6500615 0.7033820 0.7216969 0.7133646 0.7335727 0.7665360 0.7505086 0.7007682 0.7805823 0.7864295 0.7317158 0.8399957 0.7940313 0.7391194 0.7385375 0.6586749 0.7077205 0.7684975 0.6957064 1.1289039 0.7020035 0.7157175 0.7161353 0.7469692 0.7000894 0.8761541 0.6770702 0.8010369 0.7928829 0.8107961 0.7933784 0.8089876 1.2556353 0.7663868 0.6084455 0.8105571 0.8043608 0.8767378 0.8231459 0.8481217 
XP_027273874.1 0.2509008 0.3905797 0.2373846 0.2673893 0.2848665 0.1249536 0.1393309 0.0877136 0.0877136 0.0000000 0.2532103 0.2423362 0.1013788 0.0017401 0.0000010 0.7033827 0.5825397 0.5925322 0.6204466 0.6242631 0.6143460 0.5706711 0.5792004 0.6615851 0.5812463 0.5676059 0.5972662 0.5794610 0.5928285 0.6051329 0.5975348 0.5995143 0.5976844 0.5996290 0.6015136 0.6597010 0.6065809 0.6599980 0.6603254 0.6665810 0.6025507 0.6260958 0.5984728 0.6212654 0.6259914 0.6221414 0.6374652 0.6804439 0.6484397 0.7006980 0.7855158 0.7340082 0.6840361 0.7344212 0.6787875 0.7251041 0.6900986 0.7044125 0.6445137 0.7168802 0.6500615 0.7033820 0.7216969 0.7133646 0.7335727 0.7665360 0.7505086 0.7007682 0.7805823 0.7864295 0.7317158 0.8399957 0.7940313 0.7391194 0.7385375 0.6586749 0.7077205 0.7684975 0.6957064 0.8884328 0.7020035 0.7157175 0.7161353 0.7469692 0.7000894 0.8761541 0.6770702 0.8010369 0.7928829 0.8107961 0.7933784 0.8089876 1.0346410 0.7663868 0.6084455 0.8105571 0.8043608 0.8767378 0.8231459 0.8481217 
XP_021515471.1 0.2661085 0.2712758 0.2519044 0.2834383 0.2891413 0.2688168 0.2776040 0.2532103 0.2532103 0.2532103 0.0000000 0.3335226 0.2919958 0.2538327 0.2352692 0.6432907 0.6235399 0.6432907 0.6566819 0.6606960 0.6622086 0.6257110 0.6422221 0.6921052 0.6573378 0.6310271 0.6685542 0.6283716 0.6701658 0.6348823 0.6750979 0.6585567 0.6449222 0.6388784 0.6894817 0.7004011 0.6563894 0.7005831 0.7033863 0.6887059 0.6492671 0.6684914 0.6401473 0.6700847 0.6741098 0.6702229 0.6957930 0.6903626 0.6716043 0.7318242 0.8090728 0.7281868 0.7199486 0.7286049 0.7145879 0.7468640 0.7309814 0.7094271 0.6582128 0.7350680 0.6627163 0.7312102 0.7455102 0.7232941 0.7272780 0.7363998 0.7458804 0.7725526 0.7755784 0.7470709 0.7555959 0.8905988 0.7691649 0.7363251 0.7625103 0.7002013 0.7360765 0.7324315 0.7561198 0.7567477 0.7567477 0.7952462 0.7679196 0.8055222 0.7606790 0.8515380 0.7409410 0.8217135 0.8133359 0.8350939 0.8175227 0.8329218 0.8332195 0.7984554 0.6512951 0.8738317 0.8673972 0.9325645 0.8664702 0.8821070 
XP_005364062.1 0.2926659 0.3879856 0.2911553 0.3042805 0.3440384 0.1545306 0.2008774 0.2673166 0.2673166 0.2423362 0.3335226 0.0000000 0.2252543 0.2599547 0.2129228 0.7728478 0.6705460 0.6326223 0.6632806 0.6624617 0.6553943 0.6593660 0.6767936 0.7381973 0.6977191 0.6649583 0.7074676 0.6735718 0.7113335 0.6412164 0.7165561 0.6998294 0.6853120 0.6934335 0.7210234 0.6919783 0.6948612 0.6966973 0.6911040 0.7089494 0.6948100 0.7213619 0.6943191 0.7098084 0.7162535 0.7121750 0.7269599 0.7349265 0.6997932 0.7255752 0.7997727 0.7406224 0.6983430 0.7408050 0.6930669 0.7404933 0.7098089 0.7285733 0.6881029 0.7382056 0.7060896 0.7635013 0.7615732 0.7378018 0.7657107 0.7394616 0.7581872 0.7785645 0.8027065 0.8208999 0.7689539 0.8442265 0.7945802 0.7914177 0.7793692 0.7208117 0.7592850 0.7295409 0.7583657 0.9496745 0.7656124 0.8005890 0.7845043 0.8130986 0.7512984 0.8398865 0.7535597 0.8454111 0.8368572 0.7889197 0.7716975 0.7869896 0.9623031 0.7706312 0.6446082 0.8192629 0.8036318 0.8852357 0.7982786 0.8535426 
XP_012969731.1 0.2744508 0.2814871 0.2698525 0.2922189 0.3300968 0.1521377 0.1625141 0.1013788 0.1013788 0.1013788 0.2919958 0.2252543 0.0000000 0.1068137 0.1060949 0.6248241 0.5943208 0.6248241 0.6368802 0.6452906 0.6546421 0.6206446 0.6206228 0.6681638 0.6455820 0.6173787 0.6427506 0.6303000 0.6353953 0.6340918 0.6404130 0.6527445 0.6288853 0.6387559 0.6633204 0.6957520 0.6407870 0.6981912 0.6984668 0.7076916 0.6467794 0.6713748 0.6476735 0.6628168 0.6725169 0.6638395 0.6855682 0.6875247 0.6844742 0.7398956 0.7275968 0.7485900 0.7287959 0.7489911 0.7230933 0.7721196 0.7353206 0.7381351 0.6616049 0.7600049 0.6865693 0.7284471 0.7773155 0.7478663 0.7686447 0.7308276 0.7840875 0.7417482 0.8258679 0.7945446 0.7966131 0.8418824 0.8198912 0.8047855 0.8043979 0.6670614 0.7047757 0.7330908 0.7167406 0.7173947 0.7173947 0.7320311 0.7379392 0.7736106 0.7088635 0.8395652 0.7025325 0.7983594 0.7899576 0.8053269 0.7976141 0.8051870 0.8239623 0.7946078 0.6656403 0.7553580 0.7549512 0.8853375 0.7680635 0.7895992 
XP_027290826.1 0.2601447 0.4135009 0.2500676 0.2813459 0.2860370 0.1318143 0.1466116 0.0962305 0.0962305 0.0017401 0.2538327 0.2599547 0.1068137 0.0000000 0.0000010 0.6813727 0.5769945 0.5662803 0.5950192 0.5988656 0.5799660 0.5651280 0.5741318 0.6556412 0.5762218 0.5618781 0.5907126 0.5650230 0.5884580 0.6002064 0.5934456 0.5899487 0.5936489 0.5929868 0.5976603 0.6593729 0.6030474 0.6596897 0.6600385 0.6821362 0.5988106 0.6237302 0.6035348 0.6100555 0.6170509 0.6129852 0.6357630 0.6758493 0.6418261 0.6949581 0.7653525 0.7257716 0.6773556 0.7262267 0.6718140 0.7300619 0.6837661 0.6989141 0.6463630 0.7212197 0.6427570 0.6970843 0.7263699 0.7089265 0.7195446 0.7422433 0.7345642 0.6904454 0.7697375 0.7694105 0.7371194 0.8124617 0.7800892 0.7277363 0.7444559 0.6896765 0.7427936 0.7539674 0.7240951 0.9289999 0.7305084 0.7404734 0.7456916 0.7790318 0.7288287 0.8627103 0.7045063 0.8026432 0.7966529 0.8531841 0.8345884 0.8512259 1.0545039 0.8100682 0.6047500 0.8584708 0.8411435 0.8486773 0.8611723 0.8884855 
EGW10139.1     0.2583669 0.2695726 0.2462350 0.2779152 0.2827328 0.1315216 0.1447492 0.0000010 0.0000010 0.0000010 0.2352692 0.2129228 0.1060949 0.0000010 0.0000000 0.5400645 0.5536953 0.5400645 0.5687681 0.5725152 0.5536385 0.5471894 0.5561929 0.6379604 0.5499331 0.5438871 0.5728388 0.5470772 0.5619624 0.5703514 0.5669463 0.5720245 0.5674522 0.5668494 0.5711420 0.6318307 0.5766456 0.6322325 0.6326509 0.6458091 0.5726571 0.5972963 0.5772157 0.5836212 0.5906300 0.5865543 0.6089377 0.6542061 0.6152889 0.6677280 0.7267811 0.6986070 0.6501098 0.6991294 0.6445665 0.7024213 0.6565549 0.6625451 0.6195216 0.6937425 0.6160246 0.6792184 0.6989703 0.6723899 0.7020421 0.7317689 0.7072033 0.6636380 0.7426538 0.7470746 0.7096571 0.7856050 0.7525524 0.7005246 0.7168865 0.6531667 0.7039371 0.7437296 0.6810712 0.6812692 0.6812692 0.6972871 0.7021420 0.7345513 0.6856689 0.8532093 0.6612318 0.7821498 0.7761191 0.8321429 0.8132559 0.8301680 0.8006070 0.7888679 0.5784004 0.8375145 0.8200264 0.8323275 0.8403310 0.8611834 
XP_021578264.1 0.5623401 0.8314620 0.5649152 0.5936841 0.6314302 0.5878801 0.6057456 0.8095494 0.8095494 0.7033827 0.6432907 0.7728478 0.6248241 0.6813727 0.5400645 0.0000000 0.3482812 0.0000010 0.0260989 0.0281853 0.0167839 0.3464181 0.3513919 0.4173030 0.3889542 0.3516381 0.3733934 0.3425172 0.4003055 0.3489949 0.4041165 0.3684130 0.4085100 0.4198477 0.4083880 0.4407004 0.4099272 0.4488042 0.4432860 0.3818390 0.4115269 0.3994365 0.3995962 0.4225330 0.4177131 0.4079165 0.4329118 0.4351084 0.4442070 0.4417906 0.0786872 0.4408615 0.4605941 0.4360884 0.4647268 0.4817068 0.4600211 0.4676633 0.4508970 0.4728677 0.4371798 0.4140096 0.4820724 0.4764017 0.4597415 0.4505277 0.4499615 0.4763632 0.4704479 0.4335500 0.4898967 0.5412865 0.4622005 0.4593900 0.4984822 0.4797604 0.4813249 0.4440234 0.5063450 0.7659150 0.5158221 0.5312744 0.5316477 0.5379108 0.5094029 0.5367626 0.5066452 0.5186539 0.5180395 0.4876419 0.4743242 0.4857199 0.7317795 0.5123013 0.3493140 0.5168610 0.5307299 0.5711697 0.5278069 0.5360309 
XP_012495439.1 0.5121434 0.5177801 0.5693146 0.5483711 0.6303494 0.5559841 0.5744251 0.5825397 0.5825397 0.5825397 0.6235399 0.6705460 0.5943208 0.5769945 0.5536953 0.3482812 0.0000000 0.3482812 0.3301272 0.3362824 0.3510883 0.1742503 0.1723934 0.0819447 0.2099450 0.1776017 0.1878404 0.1805495 0.2056299 0.3741328 0.2084482 0.1924371 0.2279551 0.2493959 0.2296398 0.2843117 0.2285513 0.2848642 0.2856559 0.2230274 0.2279570 0.2113185 0.2418763 0.2392747 0.2358567 0.2329135 0.2400472 0.2746829 0.2245117 0.2827590 0.4748745 0.2967294 0.2904211 0.3007144 0.2934846 0.3387955 0.2971516 0.3075081 0.2333710 0.3316377 0.2283719 0.2142485 0.3425563 0.3092133 0.3223619 0.3362860 0.3004569 0.2794478 0.3180535 0.3918068 0.3451026 0.4145926 0.3119806 0.3173932 0.3491983 0.3501723 0.3700660 0.3212880 0.3587437 0.3708688 0.3708688 0.3724736 0.3870664 0.4033804 0.3677590 0.3744613 0.3533091 0.3910674 0.3926174 0.4000015 0.3956162 0.4029554 0.4051096 0.4191760 0.2309917 0.4299032 0.4420182 0.4465788 0.4228647 0.4388194 
XP_005319784.1 0.5623401 0.5870615 0.5649152 0.5936841 0.6314302 0.5878801 0.6057456 0.5925322 0.5925322 0.5925322 0.6432907 0.6326223 0.6248241 0.5662803 0.5400645 0.0000010 0.3482812 0.0000000 0.0260989 0.0281853 0.0167839 0.3464181 0.3513919 0.4173030 0.3889542 0.3516381 0.3733934 0.3425172 0.4003055 0.3489949 0.4041165 0.3684130 0.4085100 0.4198477 0.4083880 0.4407004 0.4099272 0.4488042 0.4432860 0.3818390 0.4115269 0.3994365 0.3995962 0.4225330 0.4177131 0.4079165 0.4329118 0.4351084 0.4442070 0.4417906 0.0786872 0.4408615 0.4605941 0.4360884 0.4647268 0.4817068 0.4600211 0.4676633 0.4508970 0.4728677 0.4371798 0.4140096 0.4820724 0.4764017 0.4597415 0.4505277 0.4499615 0.4763632 0.4704479 0.4335500 0.4898967 0.5412865 0.4622005 0.4593900 0.4984822 0.4797604 0.4813249 0.4440234 0.5063450 0.5158221 0.5158221 0.5312744 0.5316477 0.5379108 0.5094029 0.5367626 0.5066452 0.5186539 0.5180395 0.4876419 0.4743242 0.4857199 0.5270857 0.5123013 0.3493140 0.5168610 0.5307299 0.5711697 0.5278069 0.5360309 
XP_015347534.1 0.5778877 0.6033396 0.5817443 0.6106791 0.6468927 0.5977409 0.6157431 0.6204466 0.6204466 0.6204466 0.6566819 0.6632806 0.6368802 0.5950192 0.5687681 0.0260989 0.3301272 0.0260989 0.0000000 0.0054453 0.0243526 0.3376286 0.3423889 0.4015560 0.3787962 0.3426860 0.3638264 0.3338635 0.3844079 0.3421865 0.3880827 0.3589700 0.3978603 0.4088371 0.3976357 0.4292389 0.3992071 0.4371679 0.4318138 0.3732225 0.4008167 0.3865012 0.3892077 0.4114382 0.4068329 0.3972943 0.4214616 0.4259135 0.4284586 0.4196203 0.1095751 0.4189151 0.4378824 0.4183295 0.4418329 0.4616549 0.4373379 0.4496651 0.4317486 0.4529860 0.4266739 0.4004598 0.4618950 0.4545326 0.4368393 0.4364526 0.4242154 0.4620345 0.4420615 0.4355422 0.4694851 0.5258415 0.4359597 0.4563803 0.4777371 0.4637691 0.4643432 0.4325908 0.4863607 0.4955794 0.4955794 0.4960506 0.5108144 0.5169539 0.4892811 0.5178435 0.4858803 0.5215172 0.5209041 0.4696973 0.4567437 0.4678883 0.5299039 0.4935002 0.3307053 0.5074377 0.5210506 0.5650601 0.5182031 0.5262475 
XP_027790709.1 0.5774156 0.6029793 0.5754051 0.6103541 0.6535226 0.6014513 0.6195684 0.6242631 0.6242631 0.6242631 0.6606960 0.6624617 0.6452906 0.5988656 0.5725152 0.0281853 0.3362824 0.0281853 0.0054453 0.0000000 0.0264316 0.3437021 0.3485677 0.4086146 0.3854447 0.3488279 0.3702072 0.3398758 0.3911194 0.3441203 0.3948252 0.3653078 0.4000461 0.4110951 0.4045194 0.4364916 0.4014070 0.4445054 0.4390653 0.3797591 0.4030145 0.3931836 0.3913417 0.4137129 0.4090646 0.3994746 0.4238073 0.4329402 0.4356067 0.4336649 0.1179158 0.4284110 0.4521706 0.4278059 0.4562144 0.4692757 0.4516111 0.4642838 0.4390881 0.4605395 0.4340216 0.4072911 0.4695627 0.4692577 0.4465592 0.4327283 0.4383064 0.4702429 0.4526005 0.4428540 0.4772438 0.5299376 0.4418866 0.4670870 0.4856257 0.4715429 0.4721491 0.4288990 0.4944065 0.5037302 0.5037302 0.5042760 0.5192050 0.5253960 0.4973825 0.5138871 0.4940758 0.5243848 0.5237649 0.4773185 0.4642107 0.4754619 0.5328381 0.5014860 0.3418389 0.5112405 0.5293171 0.5588142 0.5264131 0.5345884 
XP_026248608.1 0.5860137 0.6049565 0.5913003 0.6075003 0.6526466 0.6091319 0.6283519 0.6143460 0.6143460 0.6143460 0.6622086 0.6553943 0.6546421 0.5799660 0.5536385 0.0167839 0.3510883 0.0167839 0.0243526 0.0264316 0.0000000 0.3465827 0.3515296 0.4247706 0.3905064 0.3517736 0.3749326 0.3427030 0.4042835 0.3544549 0.4080992 0.3684513 0.4119514 0.4232503 0.4099371 0.4482916 0.4133723 0.4581003 0.4525304 0.3935578 0.4149469 0.4009679 0.3963071 0.4259261 0.4211038 0.4113570 0.4362754 0.4440900 0.4415197 0.4469162 0.1026821 0.4459448 0.4571994 0.4453052 0.4612749 0.4899447 0.4566348 0.4764518 0.4451944 0.4810739 0.4344430 0.4182422 0.4903623 0.4852209 0.4690203 0.4612011 0.4431059 0.4785586 0.4808334 0.4462923 0.4982518 0.5447570 0.4637186 0.4697370 0.5069403 0.4836777 0.4852608 0.4570520 0.5102164 0.5196752 0.5196752 0.5351528 0.5355052 0.5417510 0.5132785 0.5447181 0.5105926 0.5232429 0.5226250 0.4924212 0.4791114 0.4904838 0.5316794 0.5171183 0.3493291 0.5216475 0.5263094 0.5717027 0.5344817 0.5408369 
XP_004028057.2 0.5450710 0.5541513 0.5871061 0.5701112 0.6510061 0.5765881 0.5941000 0.5706711 0.5706711 0.5706711 0.6257110 0.6593660 0.6206446 0.5651280 0.5471894 0.3464181 0.1742503 0.3464181 0.3376286 0.3437021 0.3465827 0.0000000 0.0107210 0.2544460 0.0546095 0.0052999 0.0315967 0.0089179 0.0608849 0.3752370 0.0587607 0.0253635 0.0586017 0.0769795 0.0652965 0.2864528 0.0587038 0.2938692 0.2889082 0.2548672 0.0586131 0.0521508 0.0681348 0.0653247 0.0631496 0.0610472 0.0693090 0.2877150 0.1110252 0.2734997 0.4827417 0.2753452 0.2807582 0.2718445 0.2836648 0.3298614 0.2871317 0.2842997 0.1026735 0.3229840 0.1071057 0.2805849 0.3333161 0.2858171 0.2970758 0.3534640 0.2937717 0.3033324 0.3198304 0.4448584 0.3399199 0.4297347 0.3059835 0.3096750 0.3459387 0.3768711 0.3975935 0.3557779 0.3953664 0.4095906 0.4095906 0.4282801 0.4267060 0.4369617 0.4048086 0.4065532 0.3954831 0.3681742 0.3678083 0.3955473 0.3898764 0.3971030 0.3790732 0.4235260 0.2544855 0.4364159 0.4485133 0.4764080 0.4351624 0.4404970 
NP_001009992.1 0.5569912 0.5662200 0.6007849 0.5825336 0.6546398 0.5848505 0.6036024 0.5792004 0.5792004 0.5792004 0.6422221 0.6767936 0.6206228 0.5741318 0.5561929 0.3513919 0.1723934 0.3513919 0.3423889 0.3485677 0.3515296 0.0107210 0.0000000 0.2508340 0.0610203 0.0125652 0.0396623 0.0163094 0.0674007 0.3875050 0.0652404 0.0294690 0.0650545 0.0838192 0.0719032 0.3022070 0.0651698 0.3098512 0.3046991 0.2577412 0.0650670 0.0584779 0.0748469 0.0719265 0.0697109 0.0675771 0.0761107 0.2965753 0.1193401 0.2886096 0.4947412 0.2898958 0.2960458 0.2863041 0.2990155 0.3428236 0.3025759 0.2997930 0.1131272 0.3358147 0.1116388 0.2932796 0.3429381 0.3013897 0.3123756 0.3622510 0.3087848 0.3141953 0.3355071 0.4588291 0.3531876 0.4369035 0.3187967 0.3252361 0.3593768 0.3919697 0.4133457 0.3645927 0.4088143 0.4233652 0.4233652 0.4429232 0.4410019 0.4516709 0.4184999 0.4201774 0.4092159 0.3823455 0.3819602 0.4112724 0.4056124 0.4129456 0.3935937 0.4402059 0.2690395 0.4560951 0.4685800 0.4931300 0.4549562 0.4605169 
XP_012591010.1 0.5515708 0.5500244 0.6207824 0.5829509 0.6593553 0.6363906 0.6554532 0.6615851 0.6615851 0.6615851 0.6921052 0.7381973 0.6681638 0.6556412 0.6379604 0.4173030 0.0819447 0.4173030 0.4015560 0.4086146 0.4247706 0.2544460 0.2508340 0.0000000 0.2827193 0.2513379 0.2642059 0.2625357 0.2772640 0.4506537 0.2804064 0.2742464 0.3046534 0.3210448 0.3052000 0.3101798 0.2998065 0.3144189 0.3153300 0.2964042 0.3046001 0.2860575 0.3176836 0.3181218 0.3141221 0.3108814 0.3198716 0.3150220 0.2980326 0.3549925 0.5601488 0.3591431 0.3498756 0.3593442 0.3531112 0.3891640 0.3542869 0.3666905 0.3047634 0.3870699 0.3021329 0.2558961 0.3827564 0.3601636 0.3856622 0.3648584 0.3593036 0.3382531 0.3929471 0.4624531 0.3868708 0.4596991 0.3686329 0.3756320 0.3914694 0.3844227 0.4061763 0.3487797 0.3913275 0.4044021 0.4044021 0.4035928 0.4144829 0.4395616 0.4009624 0.4178090 0.3810255 0.4352202 0.4368608 0.4463025 0.4419905 0.4496255 0.4504266 0.4765913 0.2565226 0.4819053 0.4949489 0.4920359 0.4598723 0.4919340 
XP_023059151.2 0.5714901 0.6015398 0.6263877 0.6219918 0.6934827 0.6098265 0.6261600 0.5812463 0.5812463 0.5812463 0.6573378 0.6977191 0.6455820 0.5762218 0.5499331 0.3889542 0.2099450 0.3889542 0.3787962 0.3854447 0.3905064 0.0546095 0.0610203 0.2827193 0.0000000 0.0585721 0.0672586 0.0630330 0.0179412 0.4137590 0.0161050 0.0689550 0.0332605 0.0498166 0.0161435 0.3301041 0.0333134 0.3356200 0.3301318 0.2906539 0.0332670 0.0274504 0.0416520 0.0393012 0.0373183 0.0353763 0.0424234 0.3156012 0.1292364 0.3141622 0.5337651 0.3074432 0.3219855 0.3036973 0.3187170 0.3593746 0.3215975 0.3209865 0.1233419 0.3521620 0.1237235 0.3150459 0.3700249 0.3232669 0.3334905 0.3796741 0.3200957 0.3345669 0.3499512 0.4887251 0.3772404 0.4496907 0.3396824 0.3329993 0.3810481 0.3951447 0.4223457 0.3879864 0.4022321 0.4164829 0.4164829 0.4352789 0.4294335 0.4409005 0.4117057 0.4380817 0.4024910 0.4071850 0.4067679 0.4338048 0.4249878 0.4323501 0.4259669 0.4560910 0.2880920 0.4673947 0.4799560 0.5139133 0.4730011 0.4719597 
XP_003824782.1 0.5499716 0.5590871 0.5862850 0.5751475 0.6563818 0.5817761 0.5993636 0.5676059 0.5676059 0.5676059 0.6310271 0.6649583 0.6173787 0.5618781 0.5438871 0.3516381 0.1776017 0.3516381 0.3426860 0.3488279 0.3517736 0.0052999 0.0125652 0.2513379 0.0585721 0.0000000 0.0336097 0.0107499 0.0648860 0.3838475 0.0627484 0.0272997 0.0625738 0.0811134 0.0693352 0.2860295 0.0626835 0.2934386 0.2884835 0.2589464 0.0625858 0.0560716 0.0722261 0.0693604 0.0671695 0.0650564 0.0734503 0.2849532 0.1162027 0.2699202 0.4882417 0.2714745 0.2771399 0.2679993 0.2800330 0.3254735 0.2834797 0.2806348 0.1049987 0.3186478 0.1121875 0.2848786 0.3288939 0.2821339 0.2930021 0.3529681 0.2897751 0.3108192 0.3145931 0.4491644 0.3354192 0.4358202 0.3019108 0.3045046 0.3413749 0.3729953 0.3935678 0.3552813 0.3914039 0.4055497 0.4055497 0.4240934 0.4225372 0.4326878 0.4007863 0.4060420 0.3914378 0.3681659 0.3677997 0.3955587 0.3898834 0.3971157 0.3790721 0.4235616 0.2503207 0.4393441 0.4515094 0.4742241 0.4381071 0.4434791 
XP_003264475.1 0.5709375 0.5845191 0.6173486 0.5990390 0.6819298 0.6206076 0.6328475 0.5972662 0.5972662 0.5972662 0.6685542 0.7074676 0.6427506 0.5907126 0.5728388 0.3733934 0.1878404 0.3733934 0.3638264 0.3702072 0.3749326 0.0315967 0.0396623 0.2642059 0.0672586 0.0336097 0.0000000 0.0376833 0.0736962 0.3994504 0.0715169 0.0433203 0.0736938 0.0907830 0.0782537 0.3207643 0.0738271 0.3250228 0.3197172 0.2826921 0.0737078 0.0646503 0.0838036 0.0782446 0.0784813 0.0738546 0.0851775 0.3109855 0.1319043 0.2955305 0.5171769 0.3015989 0.3029740 0.2979546 0.3059434 0.3648102 0.3095110 0.3120735 0.1199006 0.3575555 0.1172611 0.3051155 0.3685294 0.3137226 0.3245524 0.3631658 0.3106467 0.3256951 0.3470225 0.4657306 0.3757253 0.4342510 0.3297778 0.3366963 0.3822192 0.4007217 0.4214603 0.3686636 0.4215319 0.4361804 0.4361804 0.4568134 0.4499448 0.4649391 0.4313073 0.4146263 0.4221979 0.3953944 0.3949959 0.4185915 0.4130022 0.4203005 0.4068161 0.4476376 0.2855119 0.4634126 0.4759100 0.4985865 0.4566515 0.4679127 
XP_001159837.3 0.5574305 0.5666063 0.5997442 0.5828322 0.6536550 0.5897001 0.6074160 0.5794610 0.5794610 0.5794610 0.6283716 0.6735718 0.6303000 0.5650230 0.5470772 0.3425172 0.1805495 0.3425172 0.3338635 0.3398758 0.3427030 0.0089179 0.0163094 0.2625357 0.0630330 0.0107499 0.0376833 0.0000000 0.0681459 0.3851863 0.0659682 0.0312250 0.0657779 0.0846950 0.0739420 0.2896592 0.0658954 0.2971352 0.2921268 0.2628708 0.0657906 0.0604715 0.0756592 0.0708233 0.0704754 0.0683250 0.0769408 0.2932917 0.1214823 0.2792736 0.4819248 0.2787830 0.2866022 0.2752682 0.2895333 0.3324993 0.2930363 0.2902227 0.1152551 0.3255721 0.1173784 0.2894264 0.3359844 0.2916775 0.3006404 0.3543415 0.2992057 0.3087195 0.3255758 0.4457779 0.3426542 0.4468481 0.3115327 0.3153834 0.3487286 0.3844475 0.4053482 0.3566477 0.4030109 0.4176861 0.4176861 0.4361915 0.4350373 0.4449942 0.4125199 0.4076258 0.4032868 0.3750119 0.3746359 0.4035569 0.3979296 0.4051612 0.3860995 0.4318200 0.2540675 0.4446179 0.4568199 0.4905992 0.4434186 0.4488207 
XP_010367210.1 0.5827292 0.6133998 0.6382887 0.6341694 0.7058796 0.6047628 0.6164903 0.5928285 0.5928285 0.5928285 0.6701658 0.7113335 0.6353953 0.5884580 0.5619624 0.4003055 0.2056299 0.4003055 0.3844079 0.3911194 0.4042835 0.0608849 0.0674007 0.2772640 0.0179412 0.0648860 0.0736962 0.0681459 0.0000000 0.4178601 0.0017629 0.0754010 0.0352305 0.0519214 0.0272694 0.3287003 0.0352869 0.3290303 0.3287339 0.2816320 0.0352373 0.0313096 0.0437044 0.0413203 0.0393235 0.0373699 0.0445086 0.3174559 0.1356306 0.3253719 0.5500561 0.3226080 0.3332899 0.3187786 0.3299864 0.3593750 0.3328897 0.3323000 0.1296842 0.3521780 0.1307134 0.3121168 0.3700037 0.3346553 0.3494553 0.3974485 0.3285328 0.3191482 0.3618538 0.4968594 0.3772054 0.4537423 0.3483634 0.3513119 0.3837026 0.4067417 0.4344116 0.4020399 0.4138737 0.4207678 0.4207678 0.4387991 0.4338050 0.4564166 0.4234789 0.4465908 0.4143747 0.4126090 0.4121842 0.4544682 0.4454314 0.4528823 0.4316044 0.4621209 0.2927409 0.4785775 0.4913844 0.5117305 0.4864762 0.4854773 
XP_020010330.1 0.5838315 0.6017040 0.6245071 0.6345614 0.6745874 0.5923393 0.6028415 0.6051329 0.6051329 0.6051329 0.6348823 0.6412164 0.6340918 0.6002064 0.5703514 0.3489949 0.3741328 0.3489949 0.3421865 0.3441203 0.3544549 0.3752370 0.3875050 0.4506537 0.4137590 0.3838475 0.3994504 0.3851863 0.4178601 0.0000000 0.4216577 0.3926699 0.3931809 0.4293139 0.4331788 0.4273173 0.3945130 0.4298079 0.4292177 0.4043688 0.4034837 0.4209547 0.3914821 0.4096129 0.4076080 0.3988165 0.4190069 0.4309760 0.4637398 0.4218411 0.4843685 0.4220103 0.4367847 0.4220103 0.4405270 0.4649792 0.4451423 0.4438833 0.4697156 0.4582351 0.4667261 0.4343070 0.4629375 0.4593153 0.4621376 0.4689932 0.4543268 0.5320771 0.4819210 0.4374591 0.4636969 0.5834587 0.4582171 0.4605514 0.4722123 0.4541461 0.4552472 0.4528856 0.4831825 0.4803880 0.4803880 0.5090587 0.5004456 0.4969598 0.4710463 0.5062829 0.4886166 0.5327169 0.5302398 0.5261757 0.5133242 0.5252854 0.5336100 0.5274196 0.3724408 0.5600030 0.5732494 0.5912776 0.5625670 0.5682375 
XP_017703542.1 0.5873246 0.6181651 0.6430053 0.6390078 0.7109275 0.6095488 0.6212826 0.5975348 0.5975348 0.5975348 0.6750979 0.7165561 0.6404130 0.5934456 0.5669463 0.4041165 0.2084482 0.4041165 0.3880827 0.3948252 0.4080992 0.0587607 0.0652404 0.2804064 0.0161050 0.0627484 0.0715169 0.0659682 0.0017629 0.4216577 0.0000000 0.0732185 0.0332865 0.0498657 0.0253839 0.3320982 0.0333395 0.3324139 0.3321176 0.2847232 0.0332929 0.0293898 0.0416890 0.0393348 0.0373494 0.0354049 0.0424620 0.3207307 0.1380848 0.3219072 0.5544897 0.3192172 0.3297990 0.3154031 0.3265051 0.3627530 0.3294024 0.3288061 0.1321084 0.3555255 0.1331147 0.3153676 0.3734160 0.3311393 0.3459117 0.4013014 0.3251552 0.3224962 0.3583095 0.5009389 0.3806688 0.4577660 0.3449099 0.3477730 0.3872064 0.4104782 0.4382956 0.4059135 0.4176240 0.4245474 0.4245474 0.4426517 0.4376656 0.4603951 0.4272707 0.4506553 0.4182029 0.4088567 0.4084365 0.4503170 0.4413117 0.4487557 0.4277392 0.4660498 0.2964393 0.4825234 0.4953761 0.5157622 0.4904584 0.4894747 
XP_002809764.2 0.5725806 0.5819094 0.6058677 0.6056964 0.6894741 0.6052849 0.6177767 0.5995143 0.5995143 0.5995143 0.6585567 0.6998294 0.6527445 0.5899487 0.5720245 0.3684130 0.1924371 0.3684130 0.3589700 0.3653078 0.3684513 0.0253635 0.0294690 0.2742464 0.0689550 0.0272997 0.0433203 0.0312250 0.0754010 0.3926699 0.0732185 0.0000000 0.0685495 0.0831493 0.0755605 0.3157423 0.0686708 0.3234820 0.3182316 0.2767810 0.0685625 0.0663325 0.0783679 0.0754228 0.0690388 0.0710851 0.0796623 0.3161698 0.1290301 0.3054678 0.5163099 0.3028382 0.3130258 0.2991976 0.3160370 0.3553739 0.3196658 0.3169642 0.1203287 0.3482228 0.1218331 0.3112230 0.3590200 0.3186311 0.3257820 0.3702662 0.3233600 0.3102131 0.3503527 0.4579263 0.3660567 0.4443929 0.3368100 0.3426628 0.3724240 0.4050943 0.4267950 0.3764250 0.4241161 0.4388525 0.4388525 0.4585685 0.4568512 0.4678339 0.4339555 0.4288173 0.4248388 0.4007624 0.4003561 0.4293246 0.4237518 0.4311124 0.4123214 0.4589904 0.2858221 0.4748334 0.4875360 0.5048062 0.4738083 0.4795252 
XP_025218629.1 0.5884072 0.6020285 0.6168919 0.6200523 0.6957076 0.6041776 0.6237273 0.5976844 0.5976844 0.5976844 0.6449222 0.6853120 0.6288853 0.5936489 0.5674522 0.4085100 0.2279551 0.4085100 0.3978603 0.4000461 0.4119514 0.0586017 0.0650545 0.3046534 0.0332605 0.0625738 0.0736938 0.0657779 0.0352305 0.3931809 0.0332865 0.0685495 0.0000000 0.0219577 0.0430884 0.3351646 0.0035237 0.3450008 0.3372706 0.3143821 0.0106464 0.0331489 0.0161928 0.0161618 0.0143248 0.0125076 0.0185255 0.3326574 0.1448889 0.3177584 0.5461836 0.3180711 0.3255182 0.3143088 0.3222777 0.3696125 0.3323404 0.3226693 0.1387626 0.3620923 0.1417961 0.3213080 0.3802351 0.3249337 0.3443745 0.3925631 0.3419336 0.3513591 0.3620172 0.5039047 0.3876398 0.4407467 0.3621933 0.3515837 0.3943036 0.3995107 0.4206597 0.4017261 0.4065634 0.4133498 0.4133498 0.4395661 0.4303403 0.4483401 0.4160176 0.4473544 0.4069099 0.4003687 0.3999623 0.4362957 0.4264596 0.4366221 0.4080746 0.4741338 0.3056493 0.4832202 0.4983653 0.5112227 0.4852495 0.4904219 
XP_011903955.1 0.5930265 0.6066791 0.6059446 0.6247724 0.6800739 0.5834721 0.6184466 0.5996290 0.5996290 0.5996290 0.6388784 0.6934335 0.6387559 0.5929868 0.5668494 0.4198477 0.2493959 0.4198477 0.4088371 0.4110951 0.4232503 0.0769795 0.0838192 0.3210448 0.0498166 0.0811134 0.0907830 0.0846950 0.0519214 0.4293139 0.0498657 0.0831493 0.0219577 0.0000000 0.0602337 0.3665034 0.0219917 0.3769748 0.3688572 0.3332662 0.0257573 0.0496414 0.0278414 0.0316583 0.0297111 0.0277970 0.0345537 0.3580144 0.1579989 0.3423364 0.5619978 0.3444738 0.3503563 0.3405645 0.3470163 0.3884363 0.3574209 0.3474607 0.1539060 0.3808564 0.1546955 0.3417955 0.3995361 0.3499039 0.3596614 0.4137533 0.3537495 0.3596122 0.3851033 0.5201586 0.4072987 0.4786443 0.3744614 0.3772610 0.4142544 0.4178631 0.4398385 0.4232617 0.4253426 0.4321202 0.4321202 0.4593838 0.4498260 0.4685995 0.4348873 0.4704433 0.4258284 0.4272300 0.4267867 0.4537057 0.4436795 0.4540688 0.4272121 0.4841225 0.3201421 0.4924883 0.5078573 0.5367153 0.4946013 0.4998777 
XP_011797515.1 0.5783027 0.6085082 0.6462519 0.6523976 0.7152490 0.6310780 0.6409297 0.6015136 0.6015136 0.6015136 0.6894817 0.7210234 0.6633204 0.5976603 0.5711420 0.4083880 0.2296398 0.4083880 0.3976357 0.4045194 0.4099371 0.0652965 0.0719032 0.3052000 0.0161435 0.0693352 0.0782537 0.0739420 0.0272694 0.4331788 0.0253839 0.0755605 0.0430884 0.0602337 0.0000000 0.3480544 0.0431590 0.3537170 0.3480072 0.3002455 0.0430968 0.0370953 0.0518539 0.0493471 0.0473043 0.0453136 0.0527799 0.3372780 0.1406809 0.3321468 0.5454832 0.3235987 0.3401976 0.3197501 0.3368412 0.3750982 0.3364411 0.3392030 0.1345741 0.3650864 0.1348066 0.3321744 0.3860439 0.3416265 0.3505985 0.3950804 0.3377030 0.3585765 0.3616462 0.5098480 0.3935938 0.4707090 0.3579162 0.3581179 0.4003801 0.4039950 0.4316000 0.4056368 0.4111282 0.4219501 0.4219501 0.4446302 0.4350382 0.4498060 0.4207180 0.4537079 0.4115729 0.4240987 0.4236547 0.4465776 0.4376099 0.4450398 0.4436675 0.4753080 0.2957882 0.4799507 0.4927456 0.5412517 0.4857307 0.4847287 
XP_014700871.1 0.6468379 0.6621069 0.6947103 0.6606158 0.7259957 0.6430739 0.6610221 0.6597010 0.6597010 0.6597010 0.7004011 0.6919783 0.6957520 0.6593729 0.6318307 0.4407004 0.2843117 0.4407004 0.4292389 0.4364916 0.4482916 0.2864528 0.3022070 0.3101798 0.3301041 0.2860295 0.3207643 0.2896592 0.3287003 0.4273173 0.3320982 0.3157423 0.3351646 0.3665034 0.3480544 0.0000000 0.3361975 0.0107147 0.0089160 0.3223642 0.3371174 0.3326566 0.3434685 0.3410877 0.3473005 0.3415372 0.3581185 0.1486586 0.3464954 0.2165814 0.5554845 0.2440659 0.2232682 0.2476860 0.2260396 0.2554957 0.2262014 0.2393016 0.3725785 0.2518966 0.3653006 0.3842082 0.2561675 0.2424419 0.2749074 0.3021497 0.2523443 0.4383770 0.2722026 0.4960678 0.2639876 0.4709053 0.2733286 0.2683805 0.2690341 0.2651820 0.2758492 0.2876695 0.2872486 0.2854622 0.2854622 0.3061897 0.2817231 0.3143466 0.2851073 0.3617996 0.2852533 0.3021014 0.3018086 0.2821370 0.2757471 0.2821305 0.3155586 0.3056444 0.1860063 0.3180453 0.3280790 0.4287528 0.3045777 0.3116452 
XP_021785543.1 0.5991321 0.6129304 0.6252314 0.6291742 0.7057408 0.6132916 0.6330972 0.6065809 0.6065809 0.6065809 0.6563894 0.6948612 0.6407870 0.6030474 0.5766456 0.4099272 0.2285513 0.4099272 0.3992071 0.4014070 0.4133723 0.0587038 0.0651698 0.2998065 0.0333134 0.0626835 0.0738271 0.0658954 0.0352869 0.3945130 0.0333395 0.0686708 0.0035237 0.0219917 0.0431590 0.3361975 0.0000000 0.3460808 0.3383173 0.3153108 0.0106621 0.0332015 0.0162173 0.0161862 0.0143459 0.0125260 0.0185543 0.3336538 0.1452068 0.3186863 0.5536206 0.3189829 0.3264763 0.3152055 0.3232236 0.3658921 0.3333258 0.3236182 0.1390627 0.3632170 0.1421007 0.3192154 0.3764554 0.3258955 0.3454069 0.3939296 0.3429442 0.3465591 0.3631099 0.5057476 0.3837866 0.4423411 0.3632880 0.3526434 0.3903898 0.4068705 0.4283984 0.4031413 0.4122451 0.4191374 0.4191374 0.4457955 0.4364257 0.4547516 0.4218475 0.4490074 0.4127131 0.4016389 0.4012297 0.4378046 0.4279277 0.4381350 0.4093856 0.4758437 0.3058328 0.4849452 0.5001594 0.5232935 0.4869938 0.4921948 
XP_008519733.1 0.6501017 0.6690369 0.6980255 0.6717820 0.7338197 0.6491546 0.6671360 0.6599980 0.6599980 0.6599980 0.7005831 0.6966973 0.6981912 0.6596897 0.6322325 0.4488042 0.2848642 0.4488042 0.4371679 0.4445054 0.4581003 0.2938692 0.3098512 0.3144189 0.3356200 0.2934386 0.3250228 0.2971352 0.3290303 0.4298079 0.3324139 0.3234820 0.3450008 0.3769748 0.3537170 0.0107147 0.3460808 0.0000000 0.0088959 0.3182929 0.3469416 0.3381158 0.3535465 0.3506265 0.3573682 0.3511235 0.3686184 0.1483150 0.3441962 0.2160357 0.5649492 0.2436424 0.2227025 0.2472584 0.2254667 0.2516845 0.2256278 0.2422044 0.3699798 0.2481276 0.3664352 0.3903784 0.2523655 0.2453537 0.2744536 0.3012324 0.2565314 0.4394322 0.2750801 0.4932574 0.2594789 0.4704861 0.2775688 0.2676927 0.2650809 0.2636588 0.2742488 0.2867905 0.2855549 0.2837919 0.2837919 0.3043803 0.2800776 0.3124347 0.2834368 0.3597264 0.2835542 0.3075629 0.3072646 0.2885713 0.2821534 0.2885777 0.3211462 0.3012617 0.1836553 0.3174309 0.3274785 0.4202985 0.3032710 0.3110203 
NP_001243856.2 0.6447264 0.6635675 0.6949924 0.6638051 0.7288634 0.6437832 0.6616470 0.6603254 0.6603254 0.6603254 0.7033863 0.6911040 0.6984668 0.6600385 0.6326509 0.4432860 0.2856559 0.4432860 0.4318138 0.4390653 0.4525304 0.2889082 0.3046991 0.3153300 0.3301318 0.2884835 0.3197172 0.2921268 0.3287339 0.4292177 0.3321176 0.3182316 0.3372706 0.3688572 0.3480072 0.0089160 0.3383173 0.0088959 0.0000000 0.3179987 0.3392280 0.3326735 0.3456566 0.3428416 0.3494999 0.3433008 0.3604505 0.1484843 0.3459839 0.2125548 0.5579953 0.2438480 0.2191709 0.2474633 0.2219209 0.2589617 0.2220790 0.2385172 0.3719840 0.2553347 0.3647303 0.3898887 0.2596233 0.2416465 0.2746460 0.3014112 0.2535320 0.4385631 0.2719481 0.4982884 0.2674958 0.4618859 0.2744771 0.2681294 0.2725871 0.2684219 0.2791104 0.2869844 0.2905550 0.2887442 0.2887442 0.3094982 0.2850019 0.3177521 0.2883941 0.3561286 0.2885945 0.3034938 0.3031989 0.2815419 0.2751596 0.2815342 0.3170161 0.3050047 0.1896332 0.3173795 0.3273953 0.4194346 0.3032610 0.3109879 
