100
Mus_musculus__zinc_finger_protein_648__Mus_musculus_                                                               0.0000000 0.0318072 0.1296961 0.0803384 0.1627260 0.2392536 0.2370638 0.2504344 0.2504344 0.2504344 0.2655799 0.2919819 0.2738948 0.2596280 0.2578570 0.5602906 0.5103582 0.5602906 0.5757091 0.5751897 0.5838351 0.5432184 0.5550072 0.5495670 0.5693824 0.5480996 0.5689608 0.5555139 0.5805276 0.5814924 0.5851055 0.5705163 0.5862312 0.5908175 0.5762021 0.6441210 0.5968495 0.6473804 0.6420642 0.6226549 0.6026108 0.6038083 0.6080115 0.6154915 0.6186208 0.6148488 0.6346798 0.6316811 0.6062042 0.6651099 0.6820407 0.6865553 0.6647628 0.6870646 0.6698466 0.6853308 0.6760266 0.6685717 0.5964847 0.6804580 0.6046458 0.6140103 0.6952079 0.6771514 0.6864118 0.6436153 0.7001663 0.6713288 0.7414790 0.6971845 0.7068683 0.7316983 0.7280379 0.7182466 0.7163415 0.6628943 0.6901973 0.6443549 0.6814967 0.6825909 0.6825909 0.7050303 0.7036963 0.7214184 0.6749577 0.7307000 0.6689476 0.7741247 0.7729625 0.7741287 0.7570408 0.7722402 0.8204184 0.7779869 0.5771692 0.7922941 0.7961888 0.8326033 0.8136378 0.8127075 
Mus_caroli__zinc_finger_protein_648__Mus_caroli_                                                                   0.0318072 0.0000000 0.1374734 0.0793107 0.1597159 0.2442131 0.2465197 0.4967082 0.4967082 0.3892590 0.2707052 0.3866842 0.2808783 0.4120100 0.2689792 0.8272425 0.5159171 0.5847735 0.6009114 0.6005012 0.6025798 0.5522331 0.5641695 0.5480293 0.5991355 0.5571497 0.5824066 0.5646240 0.6108915 0.5992258 0.6156373 0.5797792 0.5997442 0.6043630 0.6061106 0.6592876 0.6105385 0.6661697 0.6607592 0.6478001 0.6162914 0.6135150 0.6217888 0.6293550 0.6325222 0.6287283 0.6488654 0.6489723 0.6215625 0.6900190 0.7151528 0.7006755 0.6796883 0.7011571 0.6848147 0.7144072 0.6910291 0.6817252 0.6116483 0.7030447 0.6199030 0.6132771 0.7180757 0.6903952 0.7200997 0.6853958 0.7112081 0.6853284 0.7477880 0.7206109 0.7300596 0.7444679 0.7406924 0.7230749 0.7398007 0.6704365 0.6977716 0.6883452 0.7017428 1.1056732 0.7028278 0.7244029 0.7242996 0.7422689 0.6951201 0.7858322 0.6894354 0.7899482 0.7887676 0.7830876 0.7661480 0.7812031 1.2344703 0.7936899 0.5797360 0.8110783 0.8150461 0.8428535 0.8124784 0.8410406 
Grammomys_surdaster__zinc_finger_protein_648__Grammomys_surdaster_                                                 0.1296961 0.1374734 0.0000000 0.1173183 0.1355999 0.2194462 0.2221534 0.2369343 0.2369343 0.2369343 0.2514336 0.2904285 0.2692626 0.2495740 0.2457579 0.5628049 0.5671494 0.5628049 0.5794701 0.5731150 0.5890163 0.5849326 0.5984853 0.6183933 0.6238266 0.5841204 0.6149966 0.5975048 0.6356250 0.6220157 0.6403234 0.6035282 0.6144828 0.6035996 0.6435404 0.6916374 0.6227282 0.6949469 0.6919697 0.6564739 0.6255958 0.6462563 0.6183344 0.6359754 0.6416101 0.6378873 0.6520585 0.6821128 0.6318354 0.6834837 0.7208522 0.7155971 0.6724162 0.7160376 0.6673857 0.7205546 0.6833346 0.6945285 0.6369068 0.7084531 0.6448616 0.6694484 0.7243670 0.7030869 0.7198806 0.7008899 0.7307816 0.6932659 0.7598663 0.7199235 0.7043983 0.8230486 0.7525528 0.7115345 0.7135756 0.7081384 0.7202890 0.7048124 0.7512891 0.7527746 0.7527746 0.7754998 0.7748001 0.7822205 0.7557618 0.8105051 0.7324159 0.8218777 0.8137214 0.8138211 0.7880531 0.8031257 0.8401053 0.8039888 0.5657335 0.8271342 0.8210399 0.8043417 0.8445381 0.8603041 
Mus_pahari__zinc_finger_protein_648__Mus_pahari_                                                                   0.0803384 0.0793107 0.1173183 0.0000000 0.1432053 0.2486037 0.2469259 0.2668506 0.2668506 0.2668506 0.2828170 0.3035251 0.2915464 0.2807361 0.2773223 0.5914449 0.5462937 0.5914449 0.6083225 0.6079483 0.6051604 0.5680367 0.5803221 0.5807300 0.6194229 0.5730531 0.5967973 0.5806913 0.6314928 0.6318995 0.6363114 0.6033418 0.6176023 0.6222914 0.6496193 0.6578011 0.6266131 0.6689479 0.6610361 0.6655637 0.6344895 0.6385678 0.6302266 0.6452747 0.6511339 0.6472834 0.6679968 0.6892192 0.6234119 0.7104385 0.7129600 0.7243851 0.6834977 0.7226879 0.6885909 0.7327225 0.6947598 0.7035602 0.6161470 0.7247025 0.6261656 0.6298813 0.7316816 0.7124597 0.7510615 0.7115112 0.7260965 0.6531437 0.7687538 0.7050043 0.7361736 0.7643026 0.7676313 0.7467339 0.7459875 0.7199692 0.7185733 0.7093053 0.7524883 0.7535707 0.7535707 0.7768068 0.7764107 0.7889075 0.7570393 0.8028720 0.7318032 0.8009300 0.7997358 0.7938732 0.7718281 0.7832801 0.8263002 0.7951870 0.5800248 0.8363759 0.8269951 0.8903372 0.8344605 0.8671117 
Rattus_norvegicus__PREDICTED__zinc_finger_protein_648__Rattus_norvegicus_                                          0.1627260 0.1597159 0.1355999 0.1432053 0.0000000 0.2823694 0.2696250 0.2842693 0.2842693 0.2842693 0.2884830 0.3431898 0.3292635 0.2854258 0.2821388 0.6289972 0.6277277 0.6289972 0.6442912 0.6508789 0.6500534 0.6484428 0.6520195 0.6566554 0.6904827 0.6537952 0.6791218 0.6510980 0.7027732 0.6717055 0.7077979 0.6865932 0.6927391 0.6772028 0.7120674 0.7226731 0.7026490 0.7305105 0.7255958 0.7353829 0.7053543 0.7166710 0.6790337 0.7156610 0.7129543 0.7004917 0.7417123 0.7233113 0.6769730 0.7316842 0.7835132 0.7393168 0.7096845 0.7397166 0.7120007 0.7240217 0.7211010 0.7409515 0.6929067 0.7124374 0.6826862 0.6931638 0.7290447 0.7485525 0.7622474 0.7815407 0.7195863 0.7627764 0.8078604 0.7790718 0.7452561 0.8865933 0.7570336 0.7734926 0.7432201 0.7657873 0.8153496 0.7596257 0.8178242 0.8188718 0.8188718 0.8345124 0.8428366 0.8284243 0.8226821 0.8724809 0.8049153 0.8915838 0.8828212 0.8693021 0.8333158 0.8487961 0.9086255 0.8688950 0.5859062 0.9173431 0.9108065 0.9476511 0.9085982 0.9296397 
Eukaryota_Neotoma_lepida__21318__partial__Neotoma_lepida_                                                          0.2392536 0.2442131 0.2194462 0.2486037 0.2823694 0.0000000 0.0992285 0.1248304 0.1248304 0.1248304 0.2682789 0.1543320 0.1519557 0.1316759 0.1313832 0.5854827 0.5537815 0.5854827 0.5953308 0.5989942 0.6065941 0.5743134 0.5824728 0.6336804 0.6071788 0.5794780 0.6180255 0.5873495 0.6021671 0.5899735 0.6069329 0.6027439 0.6016595 0.5810814 0.6282599 0.6402945 0.6106574 0.6463667 0.6410541 0.6629405 0.6065916 0.6314495 0.6061849 0.6244788 0.6303264 0.6264365 0.6409532 0.6633709 0.6243197 0.6810726 0.7422072 0.6993564 0.6646578 0.6994514 0.6594862 0.6922902 0.6758899 0.6802534 0.6086183 0.6845019 0.6239634 0.6684758 0.6990108 0.6889813 0.7112612 0.6988685 0.7116816 0.6481259 0.7556145 0.7251927 0.7109362 0.8104438 0.7532892 0.7404995 0.7206263 0.6228752 0.6597817 0.7043045 0.6589048 0.6586343 0.6586343 0.6763899 0.6810662 0.7008454 0.6631171 0.7980769 0.6537743 0.7819676 0.7739163 0.7447574 0.7278286 0.7429257 0.7830928 0.7210801 0.6141972 0.7398761 0.7340464 0.8614574 0.7521143 0.7681234 
Peromyscus_maniculatus_bairdii__PREDICTED__zinc_finger_protein_648__Peromyscus_maniculatus_bairdii_                0.2370638 0.2465197 0.2221534 0.2469259 0.2696250 0.0992285 0.0000000 0.1391872 0.1391872 0.1391872 0.2769958 0.2005733 0.1623093 0.1464555 0.1445976 0.6032145 0.5721334 0.6032145 0.6131687 0.6169441 0.6256335 0.5916149 0.6010065 0.6526322 0.6233597 0.5968542 0.6300826 0.6048518 0.6137484 0.6004596 0.6185208 0.6150701 0.6209654 0.6157154 0.6380124 0.6580714 0.6302151 0.6641767 0.6587488 0.6528623 0.6259285 0.6336915 0.6255113 0.6441979 0.6501696 0.6462429 0.6611716 0.6613962 0.6366965 0.6903113 0.7735825 0.7131318 0.6738464 0.7135884 0.6686569 0.6862365 0.6851132 0.7034236 0.6355207 0.6745975 0.6386308 0.6906903 0.6888637 0.7123393 0.7286686 0.7261494 0.7252915 0.6743712 0.7718254 0.7048233 0.7041538 0.8332742 0.7671667 0.7552825 0.7120787 0.6331403 0.6849508 0.7252263 0.6678592 0.6778952 0.6778952 0.6879990 0.6961599 0.7012804 0.6721024 0.8281251 0.6556300 0.7910016 0.7829545 0.7351346 0.7136479 0.7283850 0.8179224 0.7090730 0.5978343 0.7661641 0.7602594 0.8678326 0.7841455 0.7935665 
Cricetulus_griseus__ZNF648__Cricetulus_griseus_                                                                    0.2504344 0.4967082 0.2369343 0.2668506 0.2842693 0.1248304 0.1391872 0.0000000 0.0000010 0.0876039 0.2526815 0.2666897 0.1012824 0.0961010 0.0000010 0.8053244 0.5802340 0.5901353 0.6179291 0.6216973 0.6117990 0.5684659 0.5768956 0.6588184 0.5788280 0.5653955 0.5948820 0.5771993 0.5903090 0.6027456 0.5949965 0.5970264 0.5952252 0.5971451 0.5989421 0.6568080 0.6040108 0.6571196 0.6574842 0.6637135 0.6000771 0.6234952 0.5960114 0.6186219 0.6232895 0.6194719 0.6347129 0.6774309 0.6456292 0.6975888 0.7816427 0.7307746 0.6810241 0.7311997 0.6758006 0.7217651 0.6870530 0.7013166 0.6417226 0.7136391 0.6472611 0.7002345 0.7185054 0.7101869 0.7303863 0.7629506 0.7471395 0.6976458 0.7770218 0.7828852 0.7284251 0.8353825 0.7902835 0.7357878 0.7351458 0.6556640 0.7043113 0.7649335 0.6923667 1.1217410 0.6986030 0.7122776 0.7125962 0.7431332 0.6967129 0.8716307 0.6738237 0.7972572 0.7891538 0.8066277 0.7893369 0.8048362 1.2476941 0.7626976 0.6058553 0.8063935 0.8002487 0.8721517 0.8189655 0.8435498 
Cricetulus_griseus__zinc_finger_protein__Cricetulus_griseus_                                                       0.2504344 0.4967082 0.2369343 0.2668506 0.2842693 0.1248304 0.1391872 0.0000010 0.0000000 0.0876039 0.2526815 0.2666897 0.1012824 0.0961010 0.0000010 0.8053244 0.5802340 0.5901353 0.6179291 0.6216973 0.6117990 0.5684659 0.5768956 0.6588184 0.5788280 0.5653955 0.5948820 0.5771993 0.5903090 0.6027456 0.5949965 0.5970264 0.5952252 0.5971451 0.5989421 0.6568080 0.6040108 0.6571196 0.6574842 0.6637135 0.6000771 0.6234952 0.5960114 0.6186219 0.6232895 0.6194719 0.6347129 0.6774309 0.6456292 0.6975888 0.7816427 0.7307746 0.6810241 0.7311997 0.6758006 0.7217651 0.6870530 0.7013166 0.6417226 0.7136391 0.6472611 0.7002345 0.7185054 0.7101869 0.7303863 0.7629506 0.7471395 0.6976458 0.7770218 0.7828852 0.7284251 0.8353825 0.7902835 0.7357878 0.7351458 0.6556640 0.7043113 0.7649335 0.6923667 1.1217410 0.6986030 0.7122776 0.7125962 0.7431332 0.6967129 0.8716307 0.6738237 0.7972572 0.7891538 0.8066277 0.7893369 0.8048362 1.2476941 0.7626976 0.6058553 0.8063935 0.8002487 0.8721517 0.8189655 0.8435498 
Cricetulus_griseus__zinc_finger_protein_648__Cricetulus_griseus_                                                   0.2504344 0.3892590 0.2369343 0.2668506 0.2842693 0.1248304 0.1391872 0.0876039 0.0876039 0.0000000 0.2526815 0.2418426 0.1012824 0.0017401 0.0000010 0.7001303 0.5802340 0.5901353 0.6179291 0.6216973 0.6117990 0.5684659 0.5768956 0.6588184 0.5788280 0.5653955 0.5948820 0.5771993 0.5903090 0.6027456 0.5949965 0.5970264 0.5952252 0.5971451 0.5989421 0.6568080 0.6040108 0.6571196 0.6574842 0.6637135 0.6000771 0.6234952 0.5960114 0.6186219 0.6232895 0.6194719 0.6347129 0.6774309 0.6456292 0.6975888 0.7816427 0.7307746 0.6810241 0.7311997 0.6758006 0.7217651 0.6870530 0.7013166 0.6417226 0.7136391 0.6472611 0.7002345 0.7185054 0.7101869 0.7303863 0.7629506 0.7471395 0.6976458 0.7770218 0.7828852 0.7284251 0.8353825 0.7902835 0.7357878 0.7351458 0.6556640 0.7043113 0.7649335 0.6923667 0.8833910 0.6986030 0.7122776 0.7125962 0.7431332 0.6967129 0.8716307 0.6738237 0.7972572 0.7891538 0.8066277 0.7893369 0.8048362 1.0287811 0.7626976 0.6058553 0.8063935 0.8002487 0.8721517 0.8189655 0.8435498 
Meriones_unguiculatus__zinc_finger_protein_648__Meriones_unguiculatus_                                             0.2655799 0.2707052 0.2514336 0.2828170 0.2884830 0.2682789 0.2769958 0.2526815 0.2526815 0.2526815 0.0000000 0.3327246 0.2913212 0.2533074 0.2348113 0.6406659 0.6209277 0.6406659 0.6539409 0.6579037 0.6594345 0.6231934 0.6395477 0.6890852 0.6544232 0.6284854 0.6656914 0.6258584 0.6671412 0.6324323 0.6720515 0.6557906 0.6422403 0.6362635 0.6863337 0.6971176 0.6535908 0.6973180 0.7001559 0.6857198 0.6465765 0.6656356 0.6374969 0.6672133 0.6711798 0.6673240 0.6927627 0.6873610 0.6687879 0.7285760 0.8052199 0.7250785 0.7167892 0.7255080 0.7114572 0.7435340 0.7277279 0.7064501 0.6554377 0.7318390 0.6599228 0.7280364 0.7422465 0.7202161 0.7241399 0.7331215 0.7427171 0.7687665 0.7721304 0.7437753 0.7522315 0.8856212 0.7658443 0.7330343 0.7590443 0.6969487 0.7325242 0.7291940 0.7525131 0.7531473 0.7531473 0.7913431 0.7641781 0.8014268 0.7570317 0.8472911 0.7373381 0.8178042 0.8094854 0.8308068 0.8134062 0.8286998 0.8292608 0.7945051 0.6485727 0.8690997 0.8627199 0.9275037 0.8619111 0.8772642 
Microtus_ochrogaster__LOW_QUALITY_PROTEIN__zinc_finger_protein_648__Microtus_ochrogaster_                          0.2919819 0.3866842 0.2904285 0.3035251 0.3431898 0.1543320 0.2005733 0.2666897 0.2666897 0.2418426 0.3327246 0.0000000 0.2248540 0.2593913 0.2125679 0.7691130 0.6676774 0.6301299 0.6605985 0.6597431 0.6527215 0.6566679 0.6739307 0.7350039 0.6945971 0.6622339 0.7043883 0.6707866 0.7080814 0.6387309 0.7132791 0.6967588 0.6823412 0.6903924 0.7177064 0.6890043 0.6917784 0.6937137 0.6881794 0.7060146 0.6918246 0.7181807 0.6913234 0.7066599 0.7130266 0.7089793 0.7236912 0.7316083 0.6967011 0.7225418 0.7958822 0.7376655 0.6955262 0.7378326 0.6902762 0.7371268 0.7069219 0.7255182 0.6850903 0.7349140 0.7029706 0.7601303 0.7581127 0.7346589 0.7624733 0.7361086 0.7548670 0.7747950 0.7989888 0.8171987 0.7654096 0.8399232 0.7909230 0.7877026 0.7756937 0.7175291 0.7556229 0.7262864 0.7547159 0.9443053 0.7618664 0.7966277 0.7805685 0.8089076 0.7476823 0.8356581 0.7498322 0.8414350 0.8329394 0.7852535 0.7681669 0.7833484 0.9573717 0.7671617 0.6418920 0.8153474 0.7998534 0.8807080 0.7946597 0.8492306 
Mesocricetus_auratus__zinc_finger_protein_648__Mesocricetus_auratus_                                               0.2738948 0.2808783 0.2692626 0.2915464 0.3292635 0.1519557 0.1623093 0.1012824 0.1012824 0.1012824 0.2913212 0.2248540 0.0000000 0.1067046 0.1059864 0.6222261 0.5919218 0.6222261 0.6342983 0.6426470 0.6518139 0.6181884 0.6181202 0.6653261 0.6428225 0.6149182 0.6401432 0.6277782 0.6327032 0.6315610 0.6377003 0.6499659 0.6262932 0.6361023 0.6603952 0.6925834 0.6380723 0.6950461 0.6953610 0.7044911 0.6440918 0.6685091 0.6449581 0.6599857 0.6695743 0.6609795 0.6825620 0.6845696 0.6813562 0.7364410 0.7242320 0.7452900 0.7254177 0.7457042 0.7197461 0.7685281 0.7319044 0.7347248 0.6587028 0.7565099 0.6834511 0.7252939 0.7736593 0.7443621 0.7651468 0.7275906 0.7804144 0.7382558 0.8218938 0.7908733 0.7927873 0.8373269 0.8158586 0.8008311 0.8004565 0.6641432 0.7014851 0.7298631 0.7135098 0.7141261 0.7141261 0.7287470 0.7345038 0.7698467 0.7057001 0.8354531 0.6993253 0.7947003 0.7863508 0.8013897 0.7937325 0.8012504 0.8201733 0.7908371 0.6628178 0.7517978 0.7514469 0.8807194 0.7644885 0.7856900 
Cricetulus_griseus__LOW_QUALITY_PROTEIN__zinc_finger_protein_648__Cricetulus_griseus_                              0.2596280 0.4120100 0.2495740 0.2807361 0.2854258 0.1316759 0.1464555 0.0961010 0.0961010 0.0017401 0.2533074 0.2593913 0.1067046 0.0000000 0.0000010 0.6782960 0.5746606 0.5640765 0.5926980 0.5964967 0.5776929 0.5629539 0.5718526 0.6528506 0.5738236 0.5596984 0.5883879 0.5628496 0.5859538 0.5977969 0.5909218 0.5875575 0.5912087 0.5905629 0.5951016 0.6564576 0.6004905 0.6567901 0.6571784 0.6790845 0.5963551 0.6211426 0.6010028 0.6074462 0.6144010 0.6103697 0.6330150 0.6728621 0.6390247 0.6918645 0.7616479 0.7225623 0.6743627 0.7230299 0.6688468 0.7266167 0.6807382 0.6958344 0.6435228 0.7178805 0.6399947 0.6939565 0.7230834 0.7057567 0.7164152 0.7388130 0.7312602 0.6873981 0.7662601 0.7659965 0.7337262 0.8081200 0.7763995 0.7244639 0.7409540 0.6864013 0.7390838 0.7504532 0.7204910 0.9235892 0.7268393 0.7368185 0.7418760 0.7748962 0.7251836 0.8582673 0.7010005 0.7988385 0.7928750 0.8486825 0.8302238 0.8467434 1.0484667 0.8060374 0.6021007 0.8539381 0.8367566 0.8443231 0.8567085 0.8835975 
Cricetulus_griseus__Zinc_finger_protein_648__Cricetulus_griseus_                                                   0.2578570 0.2689792 0.2457579 0.2773223 0.2821388 0.1313832 0.1445976 0.0000010 0.0000010 0.0000010 0.2348113 0.2125679 0.1059864 0.0000010 0.0000000 0.5379852 0.5514794 0.5379852 0.5665758 0.5702769 0.5514944 0.5451231 0.5540197 0.6352672 0.5477123 0.5418154 0.5706233 0.5450121 0.5596390 0.5681877 0.5646036 0.5697404 0.5651902 0.5646019 0.5687650 0.6291020 0.5742694 0.6295175 0.6299753 0.6430065 0.5703782 0.5948931 0.5748622 0.5811906 0.5881585 0.5841186 0.6063718 0.6513339 0.6126670 0.6647647 0.7233004 0.6955298 0.6472465 0.6960638 0.6417277 0.6991120 0.6536564 0.6596716 0.6168672 0.6905352 0.6134490 0.6761932 0.6958202 0.6694287 0.6989747 0.7284138 0.7040429 0.6607692 0.7393187 0.7437967 0.7064018 0.7814570 0.7490146 0.6973865 0.7135231 0.6501721 0.7005360 0.7402859 0.6778379 0.6779993 0.6779993 0.6940113 0.6987026 0.7308022 0.6823981 0.8488162 0.6580950 0.7784453 0.7724406 0.8277588 0.8090117 0.8258031 0.7967903 0.7849545 0.5758885 0.8330924 0.8157522 0.8280270 0.8359808 0.8565089 
Ictidomys_tridecemlineatus__zinc_finger_protein_648_isoform_X1__Ictidomys_tridecemlineatus_                        0.5602906 0.8272425 0.5628049 0.5914449 0.6289972 0.5854827 0.6032145 0.8053244 0.8053244 0.7001303 0.6406659 0.7691130 0.6222261 0.6782960 0.5379852 0.0000000 0.3472013 0.0000010 0.0260940 0.0281790 0.0167808 0.3453133 0.3502308 0.4158224 0.3875750 0.3504990 0.3721700 0.3414423 0.3988254 0.3480253 0.4026235 0.3671905 0.4070430 0.4182921 0.4068953 0.4391040 0.4084399 0.4471709 0.4416971 0.3806224 0.4100544 0.3980559 0.3981784 0.4209613 0.4162014 0.4064524 0.4313304 0.4336839 0.4425862 0.4402603 0.0786095 0.4394122 0.4589776 0.4346608 0.4630692 0.4798475 0.4584061 0.4659325 0.4491680 0.4710376 0.4355153 0.4127405 0.4801872 0.4746026 0.4581763 0.4489648 0.4484159 0.4746857 0.4688123 0.4321793 0.4879714 0.5390765 0.4605778 0.4577719 0.4964831 0.4779474 0.4794779 0.4424929 0.5043887 0.7617409 0.5138054 0.5291007 0.5294830 0.5357149 0.5074015 0.5346406 0.5046386 0.5167995 0.5161870 0.4859633 0.4727455 0.4840709 0.7283104 0.5103893 0.3481726 0.5150351 0.5287901 0.5688879 0.5258906 0.5340366 
Propithecus_coquereli__PREDICTED__zinc_finger_protein_648__Propithecus_coquereli_                                  0.5103582 0.5159171 0.5671494 0.5462937 0.6277277 0.5537815 0.5721334 0.5802340 0.5802340 0.5802340 0.6209277 0.6676774 0.5919218 0.5746606 0.5514794 0.3472013 0.0000000 0.3472013 0.3291622 0.3352791 0.3500114 0.1740009 0.1721626 0.0818899 0.2095684 0.1773397 0.1875840 0.1802704 0.2052921 0.3730331 0.2081042 0.1921517 0.2275412 0.2489081 0.2292057 0.2836182 0.2281311 0.2841856 0.2849670 0.2226108 0.2275426 0.2109824 0.2413817 0.2388097 0.2354024 0.2324675 0.2395870 0.2741241 0.2241319 0.2821555 0.4729846 0.2961225 0.2897899 0.3000934 0.2928453 0.3379712 0.2964972 0.3067829 0.2329505 0.3308435 0.2279924 0.2139496 0.3417029 0.3084621 0.3216478 0.3355625 0.2998313 0.2788867 0.3173658 0.3906846 0.3442137 0.4132007 0.3113455 0.3166975 0.3482690 0.3492276 0.3689952 0.3206091 0.3577501 0.3697943 0.3697943 0.3713905 0.3858766 0.4020444 0.3667167 0.3735096 0.3522992 0.3900791 0.3916203 0.3988382 0.3944521 0.4017603 0.4040443 0.4178485 0.2305514 0.4286423 0.4406817 0.4451529 0.4216248 0.4374460 
Ictidomys_tridecemlineatus__zinc_finger_protein_648_isoform_X2__Ictidomys_tridecemlineatus_                        0.5602906 0.5847735 0.5628049 0.5914449 0.6289972 0.5854827 0.6032145 0.5901353 0.5901353 0.5901353 0.6406659 0.6301299 0.6222261 0.5640765 0.5379852 0.0000010 0.3472013 0.0000000 0.0260940 0.0281790 0.0167808 0.3453133 0.3502308 0.4158224 0.3875750 0.3504990 0.3721700 0.3414423 0.3988254 0.3480253 0.4026235 0.3671905 0.4070430 0.4182921 0.4068953 0.4391040 0.4084399 0.4471709 0.4416971 0.3806224 0.4100544 0.3980559 0.3981784 0.4209613 0.4162014 0.4064524 0.4313304 0.4336839 0.4425862 0.4402603 0.0786095 0.4394122 0.4589776 0.4346608 0.4630692 0.4798475 0.4584061 0.4659325 0.4491680 0.4710376 0.4355153 0.4127405 0.4801872 0.4746026 0.4581763 0.4489648 0.4484159 0.4746857 0.4688123 0.4321793 0.4879714 0.5390765 0.4605778 0.4577719 0.4964831 0.4779474 0.4794779 0.4424929 0.5043887 0.5138054 0.5138054 0.5291007 0.5294830 0.5357149 0.5074015 0.5346406 0.5046386 0.5167995 0.5161870 0.4859633 0.4727455 0.4840709 0.5251352 0.5103893 0.3481726 0.5150351 0.5287901 0.5688879 0.5258906 0.5340366 
Marmota_marmota_marmota__PREDICTED__zinc_finger_protein_648__Marmota_marmota_marmota_                              0.5757091 0.6009114 0.5794701 0.6083225 0.6442912 0.5953308 0.6131687 0.6179291 0.6179291 0.6179291 0.6539409 0.6605985 0.6342983 0.5926980 0.5665758 0.0260940 0.3291622 0.0260940 0.0000000 0.0054450 0.0243478 0.3366261 0.3413348 0.4001973 0.3775420 0.3416519 0.3627168 0.3328883 0.3831070 0.3412744 0.3867705 0.3578603 0.3965246 0.4074184 0.3962783 0.4277509 0.3978527 0.4356454 0.4303325 0.3720510 0.3994759 0.3852450 0.3879168 0.4100052 0.4054555 0.3959609 0.4200220 0.4245635 0.4269970 0.4182270 0.1094434 0.4175970 0.4364078 0.4170202 0.4403197 0.4599492 0.4358647 0.4480522 0.4301875 0.4513087 0.4251333 0.3993602 0.4601669 0.4528650 0.4354286 0.4350035 0.4227856 0.4604459 0.4405690 0.4341522 0.4677200 0.5237825 0.4344584 0.4548192 0.4759025 0.4620940 0.4626540 0.4311545 0.4845669 0.4937279 0.4937279 0.4941596 0.5088235 0.5149321 0.4874450 0.5158474 0.4840483 0.5197197 0.5191083 0.4681536 0.4552945 0.4663718 0.5280127 0.4917337 0.3297002 0.5057140 0.5192173 0.5628453 0.5163911 0.5243618 
Marmota_flaviventris__zinc_finger_protein_648__Marmota_flaviventris_                                               0.5751897 0.6005012 0.5731150 0.6079483 0.6508789 0.5989942 0.6169441 0.6216973 0.6216973 0.6216973 0.6579037 0.6597431 0.6426470 0.5964967 0.5702769 0.0281790 0.3352791 0.0281790 0.0054450 0.0000000 0.0264254 0.3426625 0.3474747 0.4072083 0.3841470 0.3477560 0.3690576 0.3388643 0.3897745 0.3431893 0.3934688 0.3641581 0.3986870 0.4096520 0.4031155 0.4349543 0.4000289 0.4429327 0.4375352 0.3785456 0.4016502 0.3918843 0.3900281 0.4122552 0.4076632 0.3981180 0.4223425 0.4315452 0.4340966 0.4322128 0.1177664 0.4270487 0.4506363 0.4264528 0.4546406 0.4675176 0.4500783 0.4626094 0.4374747 0.4588102 0.4324285 0.4061499 0.4677809 0.4675268 0.4451022 0.4312872 0.4368184 0.4686195 0.4510512 0.4414156 0.4754238 0.5278281 0.4403423 0.4654683 0.4837345 0.4698122 0.4704036 0.4274702 0.4925543 0.5018192 0.5018192 0.5023230 0.5171511 0.5233110 0.4954869 0.5118981 0.4921835 0.5225558 0.5219377 0.4757238 0.4627125 0.4738953 0.5309144 0.4996643 0.3407797 0.5094745 0.5274259 0.5566718 0.5245448 0.5326436 
Urocitellus_parryii__zinc_finger_protein_648__Urocitellus_parryii_                                                 0.5838351 0.6025798 0.5890163 0.6051604 0.6500534 0.6065941 0.6256335 0.6117990 0.6117990 0.6117990 0.6594345 0.6527215 0.6518139 0.5776929 0.5514944 0.0167808 0.3500114 0.0167808 0.0243478 0.0264254 0.0000000 0.3454921 0.3503837 0.4232637 0.3891389 0.3506494 0.3737203 0.3416418 0.4027956 0.3534711 0.4065986 0.3672459 0.4105040 0.4217164 0.4084564 0.4467066 0.4119047 0.4564610 0.4509359 0.3922957 0.4134944 0.3995992 0.3949512 0.4243764 0.4196132 0.4099123 0.4347177 0.4426614 0.4399253 0.4454028 0.1025585 0.4445123 0.4556560 0.4438824 0.4596915 0.4880681 0.4550929 0.4747127 0.4434909 0.4792267 0.4328063 0.4169887 0.4884588 0.4834137 0.4674621 0.4596086 0.4416163 0.4768712 0.4791597 0.4448391 0.4963073 0.5425867 0.4620977 0.4680799 0.5049208 0.4819030 0.4834522 0.4554774 0.5082992 0.5176979 0.5176979 0.5330187 0.5333804 0.5395951 0.5113164 0.5425636 0.5086259 0.5214135 0.5207975 0.4907715 0.4775607 0.4888635 0.5297549 0.5152371 0.3482319 0.5198521 0.5244594 0.5694855 0.5325729 0.5388736 
Gorilla_gorilla_gorilla__PREDICTED__zinc_finger_protein_648__Gorilla_gorilla_gorilla_                              0.5432184 0.5522331 0.5849326 0.5680367 0.6484428 0.5743134 0.5916149 0.5684659 0.5684659 0.5684659 0.6231934 0.6566679 0.6181884 0.5629539 0.5451231 0.3453133 0.1740009 0.3453133 0.3366261 0.3426625 0.3454921 0.0000000 0.0107200 0.2539394 0.0545799 0.0052996 0.0315879 0.0089172 0.0608495 0.3741461 0.0587271 0.0253591 0.0585686 0.0769208 0.0652541 0.2857952 0.0586700 0.2931797 0.2882464 0.2543526 0.0585797 0.0521262 0.0680852 0.0652820 0.0631090 0.0610090 0.0692594 0.2871327 0.1109022 0.2729819 0.4808170 0.2748760 0.2802166 0.2713865 0.2831164 0.3290943 0.2865704 0.2837272 0.1025719 0.3222446 0.1070059 0.2800847 0.3325249 0.2852225 0.2964956 0.3525586 0.2932355 0.3026670 0.3192075 0.4434141 0.3390730 0.4282752 0.3054195 0.3090632 0.3450521 0.3757295 0.3963114 0.3548577 0.3941462 0.4083033 0.4083033 0.4268543 0.4252885 0.4354033 0.4035322 0.4053560 0.3942270 0.3672870 0.3669201 0.3943588 0.3886928 0.3958882 0.3781261 0.4221405 0.2539853 0.4351128 0.4471321 0.4748020 0.4338120 0.4390923 
Homo_sapiens__zinc_finger_protein_648__Homo_sapiens_                                                               0.5550072 0.5641695 0.5984853 0.5803221 0.6520195 0.5824728 0.6010065 0.5768956 0.5768956 0.5768956 0.6395477 0.6739307 0.6181202 0.5718526 0.5540197 0.3502308 0.1721626 0.3502308 0.3413348 0.3474747 0.3503837 0.0107200 0.0000000 0.2503578 0.0609843 0.0125637 0.0396481 0.0163070 0.0673581 0.3863290 0.0651999 0.0294615 0.0650145 0.0837512 0.0718527 0.3014727 0.0651291 0.3090827 0.3039608 0.2571974 0.0650268 0.0584475 0.0747885 0.0718759 0.0696627 0.0675315 0.0760525 0.2959538 0.1191964 0.2880388 0.4927050 0.2893828 0.2954502 0.2858030 0.2984128 0.3420151 0.3019594 0.2991641 0.1130029 0.3350351 0.1115353 0.2927270 0.3421086 0.3007373 0.3117437 0.3613003 0.3081996 0.3134634 0.3348309 0.4572825 0.3522949 0.4353947 0.3181810 0.3245698 0.3584425 0.3907360 0.4119631 0.3636267 0.4075135 0.4219937 0.4219937 0.4413826 0.4394922 0.4500135 0.4171395 0.4189062 0.4078758 0.3813888 0.3810027 0.4099905 0.4043344 0.4116353 0.3925730 0.4387143 0.2684928 0.4546635 0.4670661 0.4914255 0.4534755 0.4589751 
Microcebus_murinus__zinc_finger_protein_648__Microcebus_murinus_                                                   0.5495670 0.5480293 0.6183933 0.5807300 0.6566554 0.6336804 0.6526322 0.6588184 0.6588184 0.6588184 0.6890852 0.7350039 0.6653261 0.6528506 0.6352672 0.4158224 0.0818899 0.4158224 0.4001973 0.4072083 0.4232637 0.2539394 0.2503578 0.0000000 0.2820609 0.2508375 0.2636937 0.2619825 0.2766612 0.4490839 0.2797955 0.2736745 0.3039452 0.3202722 0.3044569 0.3093523 0.2991291 0.3135745 0.3144741 0.2956670 0.3038924 0.2854517 0.3168727 0.3173391 0.3133552 0.3101245 0.3190951 0.3142610 0.2973623 0.3540792 0.5577178 0.3582376 0.3489839 0.3584375 0.3521907 0.3880757 0.3533737 0.3656686 0.3040531 0.3859774 0.3014872 0.2554238 0.3816544 0.3591500 0.3846323 0.3638939 0.3583982 0.3373991 0.3919184 0.4608606 0.3857661 0.4579565 0.3677264 0.3746749 0.3903175 0.3831714 0.4048047 0.3478728 0.3900743 0.4030544 0.4030544 0.4022687 0.4130626 0.4379137 0.3996521 0.4165013 0.3797783 0.4339226 0.4355543 0.4448098 0.4404949 0.4480969 0.4490473 0.4748471 0.2559941 0.4802700 0.4932310 0.4902977 0.4583622 0.4901674 
Piliocolobus_tephrosceles__zinc_finger_protein_648__Piliocolobus_tephrosceles_                                     0.5693824 0.5991355 0.6238266 0.6194229 0.6904827 0.6071788 0.6233597 0.5788280 0.5788280 0.5788280 0.6544232 0.6945971 0.6428225 0.5738236 0.5477123 0.3875750 0.2095684 0.3875750 0.3775420 0.3841470 0.3891389 0.0545799 0.0609843 0.2820609 0.0000000 0.0585397 0.0672197 0.0629967 0.0179394 0.4124195 0.0161036 0.0689141 0.0332514 0.0497936 0.0161415 0.3292118 0.0333040 0.3347098 0.3292563 0.2900062 0.0332577 0.0274453 0.0416345 0.0392873 0.0373055 0.0353648 0.0424056 0.3148845 0.1290742 0.3134565 0.5314849 0.3068297 0.3212521 0.3030968 0.3179907 0.3584946 0.3208647 0.3202427 0.1231968 0.3513128 0.1235995 0.3143698 0.3691068 0.3224936 0.3327344 0.3786211 0.3194612 0.3337384 0.3491757 0.4869105 0.3762593 0.4480466 0.3389853 0.3322689 0.3800219 0.3939461 0.4209516 0.3868870 0.4010080 0.4151936 0.4151936 0.4338520 0.4280341 0.4393682 0.4104263 0.4367565 0.4012305 0.4061398 0.4057219 0.4324254 0.4236641 0.4309956 0.4247935 0.4545687 0.2875094 0.4659658 0.4784461 0.5120971 0.4714961 0.4704206 
Pan_paniscus__zinc_finger_protein_648__Pan_paniscus_                                                               0.5480996 0.5571497 0.5841204 0.5730531 0.6537952 0.5794780 0.5968542 0.5653955 0.5653955 0.5653955 0.6284854 0.6622339 0.6149182 0.5596984 0.5418154 0.3504990 0.1773397 0.3504990 0.3416519 0.3477560 0.3506494 0.0052996 0.0125637 0.2508375 0.0585397 0.0000000 0.0335993 0.0107488 0.0648475 0.3827145 0.0627118 0.0272942 0.0625377 0.0810507 0.0692892 0.2853738 0.0626467 0.2927511 0.2878236 0.2584107 0.0625495 0.0560445 0.0721727 0.0693143 0.0671256 0.0650150 0.0733970 0.2843775 0.1160678 0.2694148 0.4862922 0.2710195 0.2766108 0.2675553 0.2794973 0.3247256 0.2829312 0.2800754 0.1048938 0.3179271 0.1120772 0.2843577 0.3281224 0.2815527 0.2924380 0.3520637 0.2892543 0.3101253 0.3139982 0.4477060 0.3345930 0.4343191 0.3013625 0.3039209 0.3405096 0.3718744 0.3923075 0.3543620 0.3902046 0.4042835 0.4042835 0.4226903 0.4211418 0.4311526 0.3995311 0.4048440 0.3902033 0.3672751 0.3669080 0.3943655 0.3886953 0.3958961 0.3781212 0.4221705 0.2498357 0.4380104 0.4500967 0.4726295 0.4367256 0.4420424 
Nomascus_leucogenys__PREDICTED__zinc_finger_protein_648__Nomascus_leucogenys_                                      0.5689608 0.5824066 0.6149966 0.5967973 0.6791218 0.6180255 0.6300826 0.5948820 0.5948820 0.5948820 0.6656914 0.7043883 0.6401432 0.5883879 0.5706233 0.3721700 0.1875840 0.3721700 0.3627168 0.3690576 0.3737203 0.0315879 0.0396481 0.2636937 0.0672197 0.0335993 0.0000000 0.0376707 0.0736507 0.3982950 0.0714734 0.0433053 0.0736466 0.0907076 0.0782000 0.3199613 0.0737790 0.3242142 0.3189404 0.2820968 0.0736603 0.0646174 0.0837358 0.0781904 0.0784249 0.0738055 0.0851104 0.3103452 0.1317404 0.2949649 0.5150518 0.3010676 0.3023845 0.2974352 0.3053471 0.3639194 0.3089013 0.3114192 0.1197728 0.3566958 0.1171478 0.3045402 0.3676100 0.3130439 0.3238988 0.3622778 0.3100775 0.3249630 0.3463115 0.4642044 0.3747427 0.4327955 0.3291501 0.3359936 0.3811918 0.3994957 0.4200725 0.3677339 0.4202263 0.4348050 0.4348050 0.4552761 0.4484495 0.4632764 0.4299421 0.4134428 0.4208519 0.3944331 0.3940337 0.4173309 0.4117444 0.4190116 0.4057906 0.4461706 0.2849184 0.4620077 0.4744242 0.4969546 0.4552693 0.4663984 
Pan_troglodytes__zinc_finger_protein_648__Pan_troglodytes_                                                         0.5555139 0.5646240 0.5975048 0.5806913 0.6510980 0.5873495 0.6048518 0.5771993 0.5771993 0.5771993 0.6258584 0.6707866 0.6277782 0.5628496 0.5450121 0.3414423 0.1802704 0.3414423 0.3328883 0.3388643 0.3416418 0.0089172 0.0163070 0.2619825 0.0629967 0.0107488 0.0376707 0.0000000 0.0681007 0.3840571 0.0659250 0.0312179 0.0657353 0.0846238 0.0738914 0.2889779 0.0658521 0.2964215 0.2914413 0.2623090 0.0657478 0.0604410 0.0755978 0.0707704 0.0704244 0.0682767 0.0768797 0.2926875 0.1213393 0.2787324 0.4800349 0.2783090 0.2860370 0.2748054 0.2889612 0.3317101 0.2924511 0.2896257 0.1151314 0.3248112 0.1172613 0.2888804 0.3351705 0.2910555 0.3000549 0.3534574 0.2986477 0.3080338 0.3249325 0.4443573 0.3417834 0.4452717 0.3109460 0.3147506 0.3478172 0.3832899 0.4040500 0.3557489 0.4017759 0.4163550 0.4163550 0.4347492 0.4335732 0.4434193 0.4112284 0.4064243 0.4020148 0.3740711 0.3736943 0.4023516 0.3967282 0.4039291 0.3850966 0.4304170 0.2535704 0.4432762 0.4554002 0.4889156 0.4420289 0.4473754 
Rhinopithecus_roxellana__PREDICTED__zinc_finger_protein_648__Rhinopithecus_roxellana_                              0.5805276 0.6108915 0.6356250 0.6314928 0.7027732 0.6021671 0.6137484 0.5903090 0.5903090 0.5903090 0.6671412 0.7080814 0.6327032 0.5859538 0.5596390 0.3988254 0.2052921 0.3988254 0.3831070 0.3897745 0.4027956 0.0608495 0.0673581 0.2766612 0.0179394 0.0648475 0.0736507 0.0681007 0.0000000 0.4165059 0.0017629 0.0753532 0.0352201 0.0518963 0.0272642 0.3278092 0.0352762 0.3281576 0.3278595 0.2810401 0.0352268 0.0313026 0.0436852 0.0413048 0.0393092 0.0373569 0.0444890 0.3166939 0.1354630 0.3246411 0.5476242 0.3219557 0.3325310 0.3181400 0.3292347 0.3585133 0.3321314 0.3315307 0.1295341 0.3513468 0.1305814 0.3114708 0.3691042 0.3338554 0.3486518 0.3962858 0.3278774 0.3183784 0.3610524 0.4950401 0.3762433 0.4520881 0.3476435 0.3505186 0.3826961 0.4055236 0.4329942 0.4008344 0.4126302 0.4194834 0.4194834 0.4374260 0.4324097 0.4548327 0.4221790 0.4451607 0.4130932 0.4115497 0.4111242 0.4529944 0.4440165 0.4514360 0.4304142 0.4605923 0.2921623 0.4770532 0.4897770 0.5099560 0.4848831 0.4838476 
Castor_canadensis__zinc_finger_protein_648__Castor_canadensis_                                                     0.5814924 0.5992258 0.6220157 0.6318995 0.6717055 0.5899735 0.6004596 0.6027456 0.6027456 0.6027456 0.6324323 0.6387309 0.6315610 0.5977969 0.5681877 0.3480253 0.3730331 0.3480253 0.3412744 0.3431893 0.3534711 0.3741461 0.3863290 0.4490839 0.4124195 0.3827145 0.3982950 0.3840571 0.4165059 0.0000000 0.4202911 0.3914758 0.3919580 0.4279189 0.4316693 0.4259554 0.3932716 0.4284544 0.4278717 0.4031331 0.4022305 0.4196277 0.3902690 0.4083308 0.4063036 0.3975937 0.4176795 0.4296505 0.4620380 0.4205542 0.4825689 0.4207672 0.4354316 0.4207672 0.4391597 0.4633532 0.4437505 0.4424329 0.4679273 0.4566519 0.4650378 0.4329338 0.4612995 0.4577339 0.4606635 0.4674297 0.4529333 0.5301362 0.4803204 0.4362035 0.4620854 0.5809489 0.4568010 0.4590690 0.4705237 0.4525777 0.4536623 0.4514583 0.4814203 0.4786731 0.4786731 0.5071244 0.4985601 0.4951282 0.4693616 0.5045561 0.4867408 0.5309193 0.5284451 0.5244026 0.5116499 0.5235322 0.5318727 0.5256539 0.3713112 0.5580201 0.5711530 0.5888373 0.5605598 0.5661718 
Rhinopithecus_bieti__PREDICTED__zinc_finger_protein_648__Rhinopithecus_bieti_                                      0.5851055 0.6156373 0.6403234 0.6363114 0.7077979 0.6069329 0.6185208 0.5949965 0.5949965 0.5949965 0.6720515 0.7132791 0.6377003 0.5909218 0.5646036 0.4026235 0.2081042 0.4026235 0.3867705 0.3934688 0.4065986 0.0587271 0.0651999 0.2797955 0.0161036 0.0627118 0.0714734 0.0659250 0.0017629 0.4202911 0.0000000 0.0731729 0.0332770 0.0498421 0.0253793 0.3311965 0.0333298 0.3315310 0.3312330 0.2841232 0.0332833 0.0293835 0.0416712 0.0393205 0.0373362 0.0353930 0.0424438 0.3199594 0.1379127 0.3211840 0.5520423 0.3185711 0.3290476 0.3147706 0.3257609 0.3618829 0.3286517 0.3280443 0.1319540 0.3546862 0.1329790 0.3147138 0.3725079 0.3303472 0.3451154 0.4001269 0.3245058 0.3217175 0.3575147 0.4991064 0.3796975 0.4560961 0.3441962 0.3469870 0.3861903 0.4092480 0.4368650 0.4046962 0.4163685 0.4232509 0.4232509 0.4412656 0.4362573 0.4587972 0.4259585 0.4492124 0.4169089 0.4078044 0.4073835 0.4488543 0.4399077 0.4473200 0.4265569 0.4645087 0.2958524 0.4809870 0.4937563 0.5139736 0.4888531 0.4878322 
Pongo_abelii__zinc_finger_protein_648__Pongo_abelii_                                                               0.5705163 0.5797792 0.6035282 0.6033418 0.6865932 0.6027439 0.6150701 0.5970264 0.5970264 0.5970264 0.6557906 0.6967588 0.6499659 0.5875575 0.5697404 0.3671905 0.1921517 0.3671905 0.3578603 0.3641581 0.3672459 0.0253591 0.0294615 0.2736745 0.0689141 0.0272942 0.0433053 0.0312179 0.0753532 0.3914758 0.0731729 0.0000000 0.0685106 0.0830854 0.0755101 0.3149974 0.0686311 0.3227027 0.3174833 0.2762023 0.0685233 0.0662979 0.0783106 0.0753734 0.0689957 0.0710405 0.0796055 0.3155125 0.1288674 0.3048529 0.5141901 0.3023012 0.3123859 0.2986725 0.3153899 0.3545148 0.3190046 0.3162894 0.1201927 0.3473944 0.1217082 0.3106272 0.3581333 0.3179315 0.3251224 0.3693086 0.3227377 0.3095662 0.3496337 0.4564498 0.3651084 0.4428916 0.3361354 0.3419512 0.3714317 0.4038258 0.4253766 0.3754452 0.4227670 0.4374321 0.4374321 0.4569932 0.4552880 0.4661212 0.4325455 0.4275445 0.4234480 0.3997676 0.3993606 0.4279859 0.4224150 0.4297439 0.4112601 0.4574364 0.2852231 0.4733431 0.4859616 0.5030710 0.4722683 0.4779212 
Theropithecus_gelada__zinc_finger_protein_648__Theropithecus_gelada_                                               0.5862312 0.5997442 0.6144828 0.6176023 0.6927391 0.6016595 0.6209654 0.5952252 0.5952252 0.5952252 0.6422403 0.6823412 0.6262932 0.5912087 0.5651902 0.4070430 0.2275412 0.4070430 0.3965246 0.3986870 0.4105040 0.0585686 0.0650145 0.3039452 0.0332514 0.0625377 0.0736466 0.0657353 0.0352201 0.3919580 0.0332770 0.0685106 0.0000000 0.0219528 0.0430724 0.3342980 0.0035236 0.3440761 0.3363782 0.3136337 0.0106456 0.0331411 0.0161903 0.0161585 0.0143229 0.0125061 0.0185215 0.3318889 0.1446889 0.3170792 0.5438772 0.3174608 0.3248125 0.3137113 0.3215787 0.3686721 0.3316117 0.3219628 0.1385820 0.3611979 0.1416333 0.3206296 0.3792682 0.3241983 0.3436214 0.3914558 0.3412165 0.3504983 0.3612383 0.5021417 0.3866070 0.4391650 0.3614081 0.3508116 0.3932239 0.3983383 0.4193495 0.4005527 0.4053661 0.4121127 0.4121127 0.4381682 0.4289780 0.4468125 0.4147658 0.4459441 0.4056765 0.3993602 0.3989530 0.4349427 0.4251599 0.4352604 0.4070159 0.4725378 0.3050177 0.4817015 0.4967713 0.5094580 0.4836751 0.4887944 
Cercocebus_atys__PREDICTED__zinc_finger_protein_648__Cercocebus_atys_                                              0.5908175 0.6043630 0.6035996 0.6222914 0.6772028 0.5810814 0.6157154 0.5971451 0.5971451 0.5971451 0.6362635 0.6903924 0.6361023 0.5905629 0.5646019 0.4182921 0.2489081 0.4182921 0.4074184 0.4096520 0.4217164 0.0769208 0.0837512 0.3202722 0.0497936 0.0810507 0.0907076 0.0846238 0.0518963 0.4279189 0.0498421 0.0830854 0.0219528 0.0000000 0.0601997 0.3654800 0.0219866 0.3758859 0.3678049 0.3324202 0.0257508 0.0496206 0.0278327 0.0316480 0.0297017 0.0277887 0.0345401 0.3571387 0.1577571 0.3415615 0.5595741 0.3437815 0.3495536 0.3398859 0.3462206 0.3874234 0.3565934 0.3466571 0.1536825 0.3798788 0.1544957 0.3410512 0.3984801 0.3490688 0.3588688 0.4125367 0.3529686 0.3586930 0.3842268 0.5183173 0.4061719 0.4768364 0.3736080 0.3763874 0.4130770 0.4165401 0.4383683 0.4219746 0.4239942 0.4307293 0.4307293 0.4578165 0.4482999 0.4668979 0.4334799 0.4689048 0.4244383 0.4261141 0.4256703 0.4522442 0.4422733 0.4525982 0.4260715 0.4824364 0.3194626 0.4908900 0.5061806 0.5347614 0.4929452 0.4981657 
Colobus_angolensis_palliatus__PREDICTED__zinc_finger_protein_648__Colobus_angolensis_palliatus_                    0.5762021 0.6061106 0.6435404 0.6496193 0.7120674 0.6282599 0.6380124 0.5989421 0.5989421 0.5989421 0.6863337 0.7177064 0.6603952 0.5951016 0.5687650 0.4068953 0.2292057 0.4068953 0.3962783 0.4031155 0.4084564 0.0652541 0.0718527 0.3044569 0.0161415 0.0692892 0.0782000 0.0738914 0.0272642 0.4316693 0.0253793 0.0755101 0.0430724 0.0601997 0.0000000 0.3470711 0.0431426 0.3527141 0.3470425 0.2995397 0.0430806 0.0370850 0.0518267 0.0493246 0.0472833 0.0452942 0.0527526 0.3364226 0.1404827 0.3313526 0.5430838 0.3229214 0.3393737 0.3190869 0.3360251 0.3741285 0.3356325 0.3383685 0.1343954 0.3641762 0.1346521 0.3314084 0.3850321 0.3407600 0.3497660 0.3939226 0.3369896 0.3576521 0.3607969 0.5079144 0.3925134 0.4689122 0.3571336 0.3572576 0.3992507 0.4027603 0.4301648 0.4044079 0.4098677 0.4206359 0.4206359 0.4431603 0.4336117 0.4482185 0.4194008 0.4522472 0.4102742 0.4229351 0.4224907 0.4451220 0.4362126 0.4436110 0.4423636 0.4736617 0.2951631 0.4784470 0.4911587 0.5392343 0.4841483 0.4831099 
